Horizontal-Spectrum-NTC - Comune Mercato San Severino (SA) - SLV q=1 VR=50 Suolo=C Topo=T1 h/H=1 (2)
Time (s)      Acc. (m/s^2)
0             9.30088442692068E-04
0.01          2.83058342174627E-03
0.02          6.92394044366665E-03
0.03          1.35090729627336E-04
0.04          -5.04319951753132E-03
0.05          -7.65453976113349E-03
0.06          -1.53008648694959E-02
0.07          -1.75854085700121E-02
0.08          -1.90235792251769E-02
0.09          -2.46675481740385E-02
9.999999E-02  -4.12641982873902E-02
0.11          -4.66124089015648E-02
0.12          -5.19932314474136E-02
0.13          -0.09079042092897
0.14          -0.11992620117031
0.15          -0.105091632334515
0.16          -0.111550375381485
0.17          -0.10335902011022
0.18          -8.41837615985423E-02
0.19          -0.100798423876986
0.2           -8.58633377496153E-02
0.21          -8.46286250744015E-02
0.22          -4.00424088723958E-02
0.23          -6.09324867138639E-02
0.24          -7.40087201446295E-02
0.25          -7.65614637499675E-02
0.26          -7.53451560996473E-02
0.27          -8.03929386008531E-02
0.28          3.40401574946009E-02
0.29          2.74777428572997E-02
0.3           4.54926533997059E-02
0.31          -3.57049876987003E-02
0.32          1.60316823155154E-02
0.33          -5.73684808658436E-02
0.34          -3.05550365243107E-02
0.35          6.13746412843466E-02
0.36          5.48391672363505E-02
0.37          -4.82724791066721E-02
0.38          -2.13938657194376E-02
0.39          -1.37063143146224E-02
0.4           1.41059635102283E-02
0.41          6.92611430597026E-03
0.42          1.91715309116989E-02
0.43          -6.03289489913732E-02
0.44          -1.26160689792596E-02
0.45          0.114878272488713
0.46          0.127194372452796
0.47          0.112027553860098
0.48          0.146297929482535
0.49          0.26270882114768
0.5           0.343856151066721
0.51          0.295950296949595
0.52          0.234721470605582
0.53          0.13373251886107
0.54          0.122129788342863
0.55          5.54447697568685E-02
0.56          -3.16627093032002E-02
0.57          -8.52214779239148E-02
0.58          4.35097666410729E-02
0.59          4.17682556854561E-02
0.6           -1.73209454014432E-02
0.61          -0.102107250010595
0.62          -1.92577864788473E-02
0.63          1.57661285041831E-02
0.64          -0.136182657536119
0.65          4.87814061390236E-02
0.66          8.31895065307617E-02
0.67          0.04268754305318
0.68          5.64872780581936E-02
0.69          0.157356850672513
0.7           2.37242643814534E-02
0.71          0.117047068728134
0.72          0.20259980969131
0.73          0.181407654639334
0.74          9.88337776903063E-02
0.75          -5.32538363244385E-02
0.76          3.38996575819328E-02
0.77          5.57946399610955E-03
0.78          -6.09625861700624E-02
0.79          -0.228744209222496
0.8           -0.290001705195755
0.81          -0.27992587454617
0.82          -0.253337397258729
0.83          -0.428690771721303
0.84          -0.386176214888692
0.85          -0.592902550846338
0.86          -0.549651500657201
0.87          -0.402863181643188
0.88          -0.367005131654441
0.89          -0.454233858212829
0.9           -0.214922158867121
0.91          -0.139171745041385
0.92          -2.17483760090545E-02
0.93          3.78477192891296E-03
0.94          0.398725618757308
0.95          0.530852373428643
0.96          0.538423092439771
0.97          0.645673745200038
0.98          0.560049969702959
0.9899999     0.614540757089853
1             0.919821035787463
1.01          0.94282135091722
1.02          0.725519082918763
1.03          0.651628988161683
1.04          0.945767543613911
1.05          1.03506549015641
1.06          0.9935436078161
1.07          1.15871641337872
1.08          1.09063179977238
1.09          0.893188357204199
1.1           0.773964580222964
1.11          0.765606423988938
1.12          0.554522194750607
1.13          0.557888509891927
1.14          0.4122041451931
1.15          0.474299090355635
1.16          0.449746631830931
1.17          0.460496993623674
1.18          0.61307065743953
1.19          0.560650917291641
1.2           0.570682144649327
1.21          0.453507816754282
1.22          0.57448871858418
1.23          0.502561278305948
1.24          0.360082539953291
1.25          0.555498460493982
1.26          0.269726028107107
1.27          0.142203498948365
1.28          -0.171298385225236
1.29          0.2158478827402
1.3           0.10894849232398
1.31          0.186731544490904
1.32          6.58650790667161E-02
1.33          0.174611180070788
1.34          -0.100859463326633
1.35          -0.128902718732134
1.36          -0.34629878886044
1.37          -0.081862709345296
1.38          -7.12754665967077E-02
1.39          0.245931935179979
1.4           -2.93858503515366E-03
1.41          0.194962743055075
1.42          0.189531520251185
1.43          0.35908939037472
1.44          0.696864217892289
1.45          0.211943916119635
1.46          0.378146197088063
1.47          0.178548293095082
1.48          3.04251187015325E-02
1.49          -4.44030201947317E-02
1.5           -0.260643931757659
1.51          -0.460304218232632
1.52          -0.68679333910346
1.53          -0.533582950048149
1.54          -0.452228226698935
1.55          -0.950459495633841
1.56          -0.935367832034826
1.57          -0.589071710966527
1.58          -0.469406980834901
1.59          -0.585152176134288
1.6           -0.53413361158222
1.61          -0.960398154258728
1.62          -0.89855025395751
1.63          -1.04309196308255
1.64          -0.541368408054113
1.65          -1.01954661436379
1.66          -0.834353892579675
1.67          -0.436296025849879
1.68          -0.450788459479809
1.69          -0.922462369278073
1.7           -0.945562525615096
1.71          -0.707921302691102
1.72          -0.543237616717815
1.73          -0.572258261628449
1.74          0.065503766820766
1.75          0.313096324950457
1.76          0.218600806687027
1.77          0.341695824153721
1.78          0.751488687247038
1.79          0.427690386213362
1.8           0.370234110318124
1.81          0.925322096273303
1.82          0.794476320371032
1.83          0.574665487222374
1.84          0.815626430287957
1.85          1.02064947232604
1.86          0.945420584455133
1.87          0.783273859173059
1.88          0.52520078368485
1.89          0.69963996425271
1.9           0.2587075349316
1.91          0.189904207158834
1.92          0.227188776768744
1.93          0.13995056675747
1.94          -4.28654034761712E-02
1.95          0.442670221813023
1.96          0.797200172692537
1.97          0.603451110608876
1.98          0.696208379566669
1.99          0.640281442925334
2             0.717396057844162
2.01          0.972674237340689
2.02          0.809239151179791
2.03          0.558537185378373
2.04          0.473737246021628
2.05          0.292543361932039
2.06          -0.388426588922739
2.07          -0.57049803044647
2.08          -1.05796033613384
2.09          -1.70242473095655
2.1           -1.54705617114902
2.11          -1.98263733834028
2.12          -2.01328288793564
2.13          -1.727923707515
2.14          -1.50074403047562
2.15          -1.37004896655679
2.16          -1.59759687200189
2.17          -1.41377415284514
2.18          -1.57214277282357
2.19          -1.42726689532399
2.2           -1.38692783161998
2.21          -0.964175894111395
2.22          -1.36272942200303
2.23          -1.44264594957232
2.24          -1.27167336389422
2.25          -1.37280198186636
2.26          -1.59087081983686
2.27          -0.942575987130404
2.28          -0.711049489974976
2.29          -0.897207367792726
2.3           -0.594564841166139
2.31          0.109206345397979
2.32          1.01369998343289
2.33          1.02744671434164
2.34          0.838339135497808
2.35          0.673827357664704
2.36          0.336445791944861
2.37          0.520425143390894
2.38          0.365522423945367
2.39          0.39174393363297
2.4           -0.16968364007771
2.41          -8.48478134348989E-02
2.42          -0.472313814461231
2.43          -0.516103393211961
2.44          0.203855206891894
2.45          0.830449487417936
2.46          1.20682496488094
2.47          0.889283878952265
2.48          1.00283147133887
2.49          1.04707040861249
2.5           0.786069120615721
2.51          0.481638917438686
2.52          0.664477806016803
2.53          0.483935374841094
2.54          0.749237070679665
2.55          0.620699190795422
2.56          0.539005804024637
2.57          0.372737705335021
2.58          -8.13345584494527E-03
2.59          -0.324469451755285
2.6           -0.737530140951276
2.61          -1.10924078285694
2.62          -1.77728867948055
2.63          -1.65427261769772
2.64          -1.40752216368914
2.65          -1.17844850040972
2.66          -1.02038042731583
2.67          -1.24337839499116
2.68          -1.13688049815595
2.69          -1.11786074817181
2.7           -1.23155620202422
2.71          -1.1775975843519
2.72          -0.686599869355559
2.73          -0.563154219947755
2.74          -7.47154932003468E-02
2.75          -0.35613376904279
2.76          -5.94043534481898E-02
2.77          3.14020696654916E-02
2.78          0.300593790169805
2.79          2.11461721826345E-02
2.8           -1.64071569289081E-02
2.81          -0.152924716025591
2.82          0.244505360741168
2.83          -0.065637677195482
2.84          6.29301274137106E-03
2.85          -0.281729466486722
2.86          -0.42602645136416
2.87          -0.121330501371995
2.88          -0.219676383733749
2.89          -0.343957965709269
2.9           -0.351738636307418
2.91          0.216092314627022
2.92          0.490432654693723
2.93          0.763417007178068
2.94          0.656351126432419
2.95          0.18935780312866
2.96          0.256946883480996
2.97          0.865814251676202
2.98          0.714297983720899
2.99          0.833577236160636
3             0.638931101560593
3.01          0.965148359164596
3.02          0.743593045771122
3.03          0.207078100796789
3.04          3.05130867491243E-03
3.05          3.67893035919406E-02
3.06          0.307477187253535
3.07          0.332753531076014
3.08          -0.124262350117788
3.09          -0.266578325740993
3.1           3.37504256749526E-02
3.11          0.076869561765343
3.12          0.275792916342616
3.13          1.07517847674899E-02
3.14          0.134296711217612
3.15          0.117891781255603
3.16          0.389223308600485
3.17          0.342700741253793
3.18          0.375679110623896
3.19          0.433451136164367
3.2           0.712217544391751
3.21          0.26160108441487
3.22          0.582579401247203
3.23          1.08993736982346
3.24          1.12571874819696
3.25          0.942508013248444
3.26          0.657007988020778
3.27          0.486760091632605
3.28          0.213925098963082
3.29          0.529066524133086
3.3           0.610843562632799
3.31          0.561924221590161
3.32          0.717022786214948
3.33          1.28343299165368
3.34          0.881370257288218
3.35          1.49022693604231
3.36          1.07453127220273
3.37          0.82705905251205
3.38          0.319543574564159
3.39          0.10512739171274
3.4           -0.407997073531151
3.41          -0.495569324009121
3.42          -0.261777049060911
3.43          -0.427984574250877
3.44          -0.515743789449334
3.45          -0.493231022469699
3.46          -0.699943727105856
3.47          -0.745344067588449
3.48          -0.232314555644989
3.49          -1.52189227659255E-02
3.5           0.128345415126532
3.51          0.23951222229749
3.52          0.390732840411365
3.53          0.390368814691901
3.54          0.45484558660537
3.55          0.730862634032965
3.56          0.69239972256124
3.57          0.66809452816844
3.58          0.721327944919467
3.59          1.07019673123956
3.6           1.22455343037844
3.61          1.15533058315516
3.62          1.08050113320351
3.63          1.15753293693066
3.64          0.807635625377297
3.65          0.71861790664494
3.66          0.345838247537613
3.67          -0.344475225023925
3.68          -0.334276694208384
3.69          -0.305202821362764
3.7           -0.163938403520733
3.71          -0.753300666287541
3.72          -0.778397062048316
3.73          -1.33425625920296
3.74          -1.77952465474606
3.75          -1.82225376784801
3.76          -1.86054791405797
3.77          -1.64175972238183
3.78          -1.21078184880316
3.79          -1.27570940449834
3.8           -1.35448031634092
3.81          -1.29436421513557
3.82          -1.13942491404712
3.83          -1.2803588180244
3.84          -1.57788853928447
3.85          -1.41937359273434
3.86          -1.11241984091699
3.87          -1.36101414129138
3.88          -1.26257787376642
3.89          -1.700102070719
3.9           -1.28239321053028
3.91          -0.943575495555997
3.92          -0.577970077693462
3.93          -0.676316882818937
3.94          -0.547808750644326
3.95          -5.01139637455344E-02
3.96          0.267891171835363
3.97          0.433882112503052
3.98          4.78729543928057E-02
3.99          6.85675388015807E-02
4             0.252505119200796
4.01          0.815325079411268
4.02          0.738054782375693
4.03          0.815122765749693
4.04          1.12145101167262
4.05          1.11394304059446
4.06          0.798473550081253
4.07          0.237860164605081
4.08          0.132701508561149
4.09          0.329730155132711
4.1           0.920342241972685
4.11          0.871721912920475
4.12          0.929701295346022
4.13          0.889902148917317
4.14          0.830796154215932
4.15          0.331343986652792
4.16          -9.59697749186307E-02
4.17          -0.370785502754152
4.18          -0.252537004798651
4.19          0.177856713663787
4.2           0.266596196293831
4.21          -0.336588244736195
4.22          -3.00267657148652E-02
4.23          0.426518933102489
4.24          0.831934022381902
4.25          0.50361279040575
4.26          0.548863040171564
4.27          0.609463108107448
4.28          0.840629709139466
4.29          0.604322930462658
4.3           0.571677706204355
4.31          0.232903534714133
4.32          0.411084915027022
4.33          0.583032962456346
4.34          0.348815467022359
4.35          -4.79841245803982E-02
4.36          -0.162090829554945
4.37          -0.116037044450641
4.38          -0.346403709836304
4.39          -0.869427538588643
4.4           -0.782455102801323
4.41          -0.495177706740797
4.42          -0.323000485002995
4.43          -0.598459013700485
4.44          -0.620709496513009
4.45          -0.818363658115268
4.46          -0.853812403008342
4.47          -1.32393840864301
4.48          -1.12444003522396
4.49          -1.28714524269104
4.5           -1.00565706521273
4.51          -1.09588881209493
4.52          -0.965519364997745
4.53          -1.19317844063044
4.54          -0.71479682430625
4.55          -0.390547922216356
4.56          -1.17362023517489E-02
4.57          -0.503815177157521
4.58          -0.29116994233802
4.59          -5.28945294907317E-03
4.6           9.51494014263153E-02
4.61          0.305047943238169
4.62          4.78107317956165E-02
4.63          -0.238616593312472
4.64          -0.429846656620502
4.65          -0.395339496172965
4.66          -0.390155976042151
4.67          -0.305627329219133
4.68          8.73290976695716E-02
4.69          0.270833033937961
4.7           0.510815427191555
4.71          -0.124420334575698
4.72          -3.40108117810451E-02
4.73          -0.750423543825746
4.74          -0.833844892457128
4.75          -0.689814376160502
4.76          -0.850686627700925
4.77          -0.659073955491185
4.78          -0.895664945393801
4.79          -0.487354790009558
4.8           6.15504323411733E-02
4.81          0.835109279751778
4.82          1.23279508084059
4.83          0.730222510099411
4.84          1.29708185479045
4.85          1.62671644449234
4.86          1.72303806647658
4.87          1.53046265020967
4.88          0.868093496337533
4.89          0.555494805984199
4.9           0.605224534571171
4.91          0.206278804689646
4.92          0.149783674003556
4.93          -0.276534343287349
4.94          -0.408323311619461
4.95          -0.212444382961839
4.96          -0.410044110640883
4.97          -0.650229237824678
4.98          -0.1640230785124
4.99          7.12087489524856E-02
5             -0.362300571575761
5.01          0.343932347595692
5.02          1.25851128146052
5.03          1.33397266924381
5.04          1.00060806758702
5.05          0.838012787774205
5.06          0.680327268764377
5.07          0.764677813053131
5.08          0.610199309103191
5.09          0.364310844317079
5.1           0.346799273975194
5.11          0.097706617238
5.12          0.250123895443976
5.13          0.169412237908691
5.14          6.69594768388197E-02
5.15          -0.627010967731476
5.16          -0.942494564652443
5.17          -0.569741473831236
5.18          -0.591923398040235
5.19          -0.438243075571954
5.2           -0.723624073415995
5.21          -0.532454035431147
5.22          -0.755483066439629
5.23          -0.735963452607393
5.24          -0.399492006003857
5.25          -0.210215369537473
5.26          0.160124100297689
5.27          0.656053283885121
5.28          1.01268381044269
5.29          0.700702184066176
5.3           1.03854282930493
5.31          1.32507890805602
5.32          0.710187025666237
5.33          0.432354417778552
5.34          0.513682463206351
5.35          0.669164860993624
5.36          0.601484838165343
5.37          0.661175590977073
5.38          0.536795995049179
5.39          0.808172984495759
5.4           0.665960221365094
5.41          0.855595730692148
5.42          0.360634115114808
5.43          -0.176921743880957
5.44          -0.292018958050758
5.45          -0.2172577926144
5.46          -0.470270176045597
5.47          -0.750967261791229
5.48          -0.398894018568099
5.49          -3.73314638226293E-02
5.5           0.187076932210475
5.51          -0.148023013416678
5.52          -0.212424867879599
5.53          -0.267310835681856
5.54          -0.073193723349832
5.55          3.18689744034782E-02
5.56          -6.47533132368699E-02
5.57          -0.426841918677092
5.58          -0.373467876389623
5.59          -0.435746716484427
5.6           -9.52564146090299E-02
5.61          -0.385662061907351
5.62          -0.222763695325702
5.63          -8.44951989222318E-02
5.64          0.153927020151168
5.65          0.157701434399933
5.66          0.266629287879914
5.67          0.675184496417642
5.68          0.615571401938796
5.69          0.653663307577372
5.7           0.237571019791067
5.71          0.166224610023201
5.72          0.316035829894245
5.73          -0.167334703914821
5.74          -0.851783565357327
5.75          -0.827391832172871
5.76          -0.554163906611502
5.77          -0.67524947360158
5.78          -0.880480311065912
5.79          -1.1074193751812
5.8           -0.642715858072042
5.81          -0.646892304942012
5.82          -0.539535013586283
5.83          -0.619880946055055
5.84          -0.582154747210443
5.85          -0.767035848945379
5.86          -0.88838399246335
5.87          -0.479034238681197
5.88          -0.89994503416121
5.89          -0.631979419961572
5.9           -0.688456506505609
5.91          -0.26766071844846
5.92          -1.11043639227748
5.93          -1.1938991099596
5.94          -0.544539901278913
5.95          -0.38252137620002
5.96          -0.189565196558833
5.97          0.374077448621392
5.98          0.342417699471116
5.99          8.12738947290927E-02
6             0.596618894934654
6.01          0.458681981340051
6.02          0.560336775630712
6.03          0.647842038944364
6.04          1.2370531694591
6.05          1.16154756210744
6.06          0.625767922773957
6.07          0.502251522056758
6.08          0.774170840755105
6.09          0.537397673539817
6.1           0.436573695503175
6.11          0.333501024506986
6.12          0.136301054516807
6.13          2.44352424074896E-02
6.14          -2.78455281537026E-02
6.15          -0.105220106625929
6.16          -0.385884987004101
6.17          -0.82021335169673
6.18          -0.618232469782233
6.19          -0.339703750871122
6.2           -0.59816701836884
6.21          -0.879668132811785
6.22          -0.373788376897573
6.23          4.32485057367012E-02
6.24          -0.267116379216313
6.25          -0.189191102664918
6.26          9.53183676861227E-02
6.27          0.601667490564287
6.28          0.347597857452929
6.29          0.346521531231701
6.3           0.18628591356799
6.31          -0.232059342954308
6.32          -0.185502258762717
6.33          -0.11021152745001
6.34          -0.167194553464651
6.35          0.128655564235523
6.36          0.294881937559694
6.37          0.279589349012822
6.38          2.36908301850781E-02
6.39          -1.33266004698817E-02
6.4           3.30910310545005E-02
6.41          0.288667662944645
6.42          0.527651680670679
6.43          0.16058003693819
6.44          0.199547088034451
6.45          0.51516710780561
6.46          0.317819961570203
6.47          0.257157529424876
6.48          0.174282511733472
6.49          0.645491604432464
6.5           0.631006370186806
6.51          0.607893496155739
6.52          0.348490361832082
6.53          0.428062378764153
6.54          0.224051087759435
6.55          0.232112040985376
6.56          9.33895985072013E-03
6.57          -9.88487520441413E-02
6.58          -3.55423483089544E-02
6.59          0.203800608515739
6.6           0.154542640596628
6.61          -0.213779046479613
6.62          -0.154207321051508
6.63          0.691940496861935
6.64          1.03527686700225
6.65          1.34145432785153
6.66          1.65182862773538
6.67          1.45362585112453
6.68          1.69584661334753
6.69          1.72872886911035
6.7           1.88671478882432
6.71          1.65679729923606
6.72          1.69597919896245
6.73          1.93181260898709
6.74          1.74855823919177
6.75          1.10092808872461
6.76          0.730509827658534
6.77          0.649087934419513
6.78          0.716824273243546
6.79          2.87639886885881E-02
6.8           0.284779282808304
6.81          0.648728111386299
6.82          0.848972516432405
6.83          1.03363336086273
6.84          0.889578140079975
6.85          0.441454658769071
6.86          0.399262210428715
6.87          0.544430996887386
6.88          0.368783671930432
6.89          -0.363892585672438
6.9           -0.444063284397125
6.91          0.025805998777505
6.92          -2.87036093347706E-02
6.93          -0.338213661052287
6.94          -0.621907225549221
6.95          -0.788217241466045
6.96          -1.13672752037644
6.97          -0.53401970051229
6.98          -0.300246812738478
6.99          -0.480390536896884
7             -0.784107891395688
7.01          0.126164312325418
7.02          -6.95566136017442E-02
7.03          -0.404329809509218
7.04          -0.825008214712143
7.05          -0.549064074754715
7.06          -0.831011843383312
7.07          -1.17452845394611
7.08          -0.778270616009832
7.09          -0.940645236521959
7.1           -0.572717085331678
7.11          -2.05168975749984E-02
7.12          0.110490247774869
7.13          -0.523472237102687
7.14          -0.558447065167129
7.15          -0.823212242424488
7.16          -0.895378870368004
7.17          -1.37773191556334
7.18          -0.626246517375112
7.19          -0.153251794651151
7.2           -0.136493062460795
7.21          -0.316344635970891
7.22          -0.763951223418117
7.23          -1.08596711039543
7.24          -1.04594328470528
7.25          -0.766325850784779
7.26          -0.783850321546197
7.27          -0.923763228580356
7.28          -0.440849471949041
7.29          -0.203317062053829
7.3           -0.490860232338309
7.31          -0.615799881890416
7.32          -0.448333944529295
7.33          -0.067756415787153
7.34          0.223802069462836
7.35          0.27402506550774
7.36          -2.27821317594498E-02
7.37          0.367424961738288
7.38          0.673108734861016
7.39          0.633228969946504
7.4           0.394562985934317
7.41          0.36903692945838
7.42          0.414384973905981
7.43          0.303428410682827
7.44          6.71899267996196E-03
7.45          0.350216825343668
7.46          0.191489697955549
7.47          0.779124090224504
7.48          1.10909884169698
7.49          0.918741347417235
7.5           0.734038987755775
7.51          0.638010457456112
7.52          0.469355269521475
7.53          -4.74452899536118E-02
7.54          -0.535645445734263
7.55          -0.336582580246031
7.56          0.145673995027319
7.57          -0.392233309037983
7.58          -0.258921177573502
7.59          -0.399405649937689
7.6           -0.417367492429912
7.61          -0.811683433502913
7.62          -0.43714314121753
7.63          -0.297767593301833
7.64          -0.296689787004143
7.65          -0.112852705623955
7.66          0.159052031580359
7.67          9.46801166888327E-02
7.68          3.08199724950828E-02
7.69          0.143020948832855
7.7           0.202957312110811
7.71          0.174506862089038
7.72          0.256078882589936
7.73          0.464072967991233
7.74          0.18695454267785
7.75          0.130999511992559
7.76          0.578288568221033
7.77          0.54144906308502
7.78          0.29562515521422
7.79          0.203867522589862
7.8           0.335753591246903
7.81          0.103387954691425
7.82          -0.321136685013771
7.83          -9.49200261197984E-02
7.84          4.20599540881813E-02
7.85          -0.450591225586832
7.86          -0.267592982109636
7.87          5.51729427510873E-02
7.88          -0.109082594560459
7.89          3.36082926532254E-02
7.9           0.38012383505702
7.91          -9.21058343164623E-02
7.92          -0.230547216441482
7.93          -0.218010109998286
7.94          2.15601093694568E-02
7.95          -0.129961841348559
7.96          1.26608687010594E-02
7.97          0.319688695147634
7.98          0.166637423448265
7.99          0.321992571204901
8             -0.134321479657665
8.01          -6.91334853228182E-02
8.02          -0.410959163345397
8.03          -0.711301066428423
8.04          -1.11991078197956
8.05          -0.840740294605494
8.059999      -1.52747881606221
8.07          -1.3465897911787
8.08          -1.06342127010226
8.09          -1.42195206865668
8.099999      -1.23832069963217
8.11          -0.850678003057838
8.12          -0.749012756869197
8.13          -0.401292619518936
8.139999      -0.45150887299329
8.15          -4.63376263109967E-02
8.16          -5.24615294672549E-02
8.17          -0.406010262742639
8.179999      0.101477112025023
8.19          0.31046873241663
8.2           0.575771743878722
8.21          0.266906336266547
8.22          -7.76791453175247E-02
8.23          -0.803546740561724
8.24          -1.30993491187692
8.25          -1.03742805764079
8.26          -0.923813222274184
8.27          -0.374676349684596
8.28          -0.510838340967894
8.29          -8.55004426441155E-03
8.3           -0.209997579026967
8.309999      9.37821944989264E-02
8.32          -0.2512768384628
8.33          0.120230859378353
8.34          -8.66059798188508E-02
8.349999      -5.32836023066193E-02
8.36          -0.348318124786019
8.37          0.174454438146204
8.38          -0.370818466432393
8.389999      -0.200180103946477
8.4           -0.856218751519918
8.41          -1.03603013455868
8.42          -0.66573568828404
8.429999      0.11694290606305
8.44          0.251993780191988
8.45          0.222803255394101
8.46          0.457066614925861
8.47          0.898126038461924
8.48          1.02058025591075
8.49          0.587464786469936
8.5           0.370425241179764
8.51          0.290150279290974
8.52          0.239265542887151
8.53          0.680365494936705
8.54          0.884127584919334
8.55          1.01558395631611
8.559999      1.10573574252427
8.57          1.4983248911798
8.58          1.32098015606403
8.59          0.850267455428839
8.599999      0.721279705390334
8.61          0.605255415178835
8.62          0.361188686974347
8.63          0.26064862780273
8.639999      0.459955249093473
8.65          0.209961710013449
8.66          0.141777556696907
8.67          0.624719809368253
8.679999      0.390255707614124
8.69          0.122464139442891
8.7           5.78384325513616E-02
8.71          0.307631736472249
8.72          -0.126254569580778
8.73          -0.338494437038898
8.74          -6.48181488085538E-02
8.75          0.137157114297152
8.76          -4.47963368101046E-02
8.77          -0.509870444051921
8.78          -0.364312890842557
8.79          -0.575555469989777
8.8           -0.873837947174907
8.809999      -7.40585630899295E-02
8.82          -9.00833006948233E-02
8.83          -0.338113746754825
8.84          -0.491712646745145
8.849999      -0.218122486174107
8.86          -0.69072244875133
8.87          -0.85186294130981
8.88          -0.710262089297175
8.889999      -0.220530424397439
8.9           -0.465808713957667
8.91          -0.230710719209164
8.92          -0.131443544067442
8.929999      -0.379463428594172
8.94          -0.583455825783312
8.95          0.170374653059989
8.96          0.641199601963163
8.97          0.763941283151507
8.98          0.446547693237662
8.99          0.319904384315014
9             0.376752367056906
9.01          0.441204069033265
9.02          0.276701189931482
9.03          0.467033997997642
9.04          -4.97592524578795E-02
9.05          -0.298211853783578
9.059999      -0.261078854966909
9.07          -0.229420348349959
9.08          -0.214839950669557
9.09          -1.72728280699812E-02
9.099999      0.601162985488772
9.11          0.516993083618581
9.12          0.346221934519708
9.13          0.408355361670256
9.139999      1.13191774696112
9.15          0.911955142021179
9.16          0.679585184007883
9.17          1.05259982809424
9.179999      0.519296338409185
9.19          7.49937841203064E-02
9.2           0.41926688734442
9.21          0.4357168956846
9.22          0.703956451937556
9.23          0.85531506434083
9.24          1.31596032142639
9.25          0.937765263542533
9.26          0.278468017503619
9.27          0.237761383205652
9.28          0.52674042865634
9.29          -4.63803932117298E-02
9.3           0.225371096692979
9.309999      -0.345656216405332
9.32          -0.412384056709707
9.33          -0.631818621531129
9.34          -0.458362942636013
9.349999      -0.23500164359808
9.36          -0.548950456045568
9.37          -0.677181320562959
9.38          -0.558921420536935
9.389999      -0.531864636093378
9.4           -0.72370995439589
9.41          -0.997220337018371
9.42          -0.874357472285628
9.429999      -0.947802082300186
9.44          -0.564795167930424
9.45          -0.538933115825057
9.46          -0.207405727598816
9.469999      -0.313055504076183
9.48          -0.112692610686645
9.49          -0.391001556515694
9.5           -0.198692645374686
9.51          -0.232494869157672
9.52          -0.858178738206625
9.53          -0.861155921146274
9.54          -1.17646454013884
9.55          -0.747084272056818
9.559999      -0.41084251139313
9.57          0.285529937390238
9.58          0.033256502689328
9.59          0.355105755440891
9.599999      0.791720235273242
9.61          1.03266082271934
9.62          1.42283324405551
9.63          1.86786979749799
9.639999      1.7008980229497
9.65          1.52471235215664
9.66          1.59118715420365
9.67          0.978701912686229
9.679999      0.194943337608129
9.69          -8.62191590946168E-02
9.7           -1.00457177744829E-03
9.71          -0.415371874272823
9.719999      -0.717182269021869
9.73          -0.675907066091895
9.74          -0.88995930545032
9.75          -5.71414444455877E-02
9.76          -0.208237439207733
9.77          -0.139464023597538
9.78          -0.351595818065107
9.79          -0.154067280236632
9.8           -0.19681760776788
9.809999      2.73250123282196E-03
9.82          -0.213762564640492
9.83          -0.202576658371836
9.84          -0.292082363795489
9.849999      -0.172063456848264
9.86          -0.380399750545621
9.87          -0.674712772294879
9.88          -0.351576997339726
9.889999      -0.151797665208578
9.9           -0.537514800578356
9.91          -0.657477811798453
9.92          -0.351860660389066
9.929999      1.45587367156986E-02
9.94          0.347484165653586
9.95          0.317878104820848
9.96          0.257971041575074
9.969999      -0.112663557333872
9.98          -7.97847642190754E-02
9.99          -0.12592704327777
10            -0.383908957019448
10.01         -0.363412236906588
10.02         -0.433444740772247
10.03         -0.47785511109978
10.04         -0.630363615006208
10.05         -0.942917610704899
10.06         -0.714572364315391
10.07         -0.454578149579465
10.08         2.20411410718225E-02
10.09         -0.10023606791161
10.1          -0.328667423687875
10.11         -0.664302170276642
10.12         -0.745093733668327
10.13         -0.93782402805984
10.14         -0.715160813480616
10.15         -0.762882206216455
10.16         -0.333441200181842
10.17         -0.578205245397985
10.18         -0.506225107088685
10.19         -0.874400449320674
10.2          -0.637127381712198
10.21         -0.124489697171375
10.22         0.428656017333269
10.23         0.682530865073204
10.24         0.769861881360412
10.25         1.34522519722581
10.26         1.65429761454463
10.27         1.24372776612639
10.28         1.03768475040793
10.29         1.21076576896012
10.3          1.07991378039122
10.31         1.03403228715062
10.32         0.7704189748317
10.33         0.59937201987952
10.34         0.310373934432864
10.35         -5.79198139160872E-02
10.36         -0.076266238745302
10.37         -0.458913129083812
10.38         -0.213944413047284
10.39         -0.183192645125091
10.4          0.108118315609172
10.41         3.31503939977847E-02
10.42         0.26315754013136
10.43         7.84856682177633E-02
10.44         6.14209621958435E-02
10.45         -0.16998228661716
10.46         -3.05372344935313E-02
10.47         -0.362268631160259
10.48         -0.821743933483958
10.49         -0.772262017205358
10.5          -0.955531809031963
10.51         -0.700003076344728
10.52         -1.00225018501282
10.53         -0.687623789906502
10.54         -0.472106274850667
10.55         -9.19913476612419E-02
10.56         -3.33933412400074E-02
10.57         0.301895380374044
10.58         0.138325607255101
10.59         -0.142113725915551
10.6          -0.322969896756113
10.61         -0.256635299976915
10.62         -0.239505315274
10.63         3.43277263012715E-02
10.64         -1.46176953788381E-02
10.65         0.249335325323045
10.66         2.02454771334305E-02
10.67         -0.348729622587562
10.68         -0.294165489189327
10.69         -2.07393407332711E-02
10.7          0.354083917960525
10.71         0.393391971364617
10.72         0.1500996703282
10.73         0.370974112004042
10.74         0.357011289931834
10.75         -9.14577344153076E-02
10.76         6.60374211799353E-02
10.77         0.173081639818847
10.78         0.71839161939919
10.79         0.712852259650826
10.8          0.857010391429067
10.81         0.719975776299834
10.82         0.439992197044194
10.83         6.31356033682823E-02
10.84         -0.592755968458951
10.85         -1.00872948467731
10.86         -1.39395238414407
10.87         -1.14414054729044
10.88         -0.998059851005673
10.89         -0.437148147895932
10.9          -8.43168405722827E-02
10.91         0.273448877222836
10.92         0.240345633253455
10.93         0.608808475770056
10.94         0.144971607383341
10.95         1.42073430377059E-02
10.96         3.37466729502194E-02
10.97         -0.325843401253223
10.98         -0.298317231573164
10.99         0.291523680612445
11            -0.28418694159016
11.01         -0.701537239551544
11.02         -0.367032759748399
11.03         -4.26262797648087E-02
11.04         0.254629485737532
11.05         0.501252379082143
11.06         0.429419298246503
11.07         0.192469398938119
11.08         5.23012426681817E-02
11.09         -0.138924051504582
11.1          -0.405385926291347
11.11         -0.172207188718021
11.12         -0.174709979742765
11.13         -0.49612287260592
11.14         -0.778942534178495
11.15         -1.05201488725841
11.16         -0.945740427151322
11.17         -0.696597146317363
11.18         -0.710275830253959
11.19         -0.414400249756873
11.2          -0.464193493723869
11.21         -0.702508827522397
11.22         -0.148044483661652
11.23         -0.596121296882629
11.24         -0.358983446136117
11.25         -0.197850628048182
11.26         0.197113001793623
11.27         0.144480587448925
11.28         0.380442910306156
11.29         0.275177624803036
11.3          0.718421513289213
11.31         0.407526445761323
11.32         -4.79563594423234E-02
11.33         -0.118006596816704
11.34         -0.490002007260919
11.35         -0.48930476333946
11.36         -0.477839506343007
11.37         -0.166223659850657
11.38         -0.369065471179783
11.39         -0.30546770023182
11.4          0.183218866232783
11.41         0.582812887877226
11.42         0.508863370791078
11.43         0.67363849259913
11.44         0.944072728157043
11.45         1.26465538948774
11.46         1.23474366545677
11.47         1.18774813145399
11.48         1.4953182528913
11.49         1.27618405222893
11.5          0.828966779708862
11.51         1.11807724133134
11.52         0.965155595093966
11.53         0.519142191186547
11.54         0.43548403032124
11.55         0.358287152387202
11.56         0.294481129199266
11.57         0.171477072481066
11.58         0.824670684188604
11.59         0.648196453303099
11.6          0.445998676232994
11.61         -0.166631484869868
11.62         0.192922119610012
11.63         0.526684258840978
11.64         0.599660762697458
11.65         0.939433035627008
11.66         1.28443768948317
11.67         1.69814851596951
11.68         1.8008393637836
11.69         1.58355653777719
11.7          1.69118711337447
11.71         1.37214139267802
11.72         1.27929754838347
11.73         1.72204184710979
11.74         1.37644772082567
11.75         1.56333072647452
11.76         1.44449396207929
11.77         1.34405180722475
11.78         0.273308032415807
11.79         0.136564626898617
11.8          -0.130782013842836
11.81         5.43807181203738E-02
11.82         -0.051626012600027
11.83         -0.594019990302622
11.84         -0.493869976960123
11.85         -0.540975000075996
11.86         -0.14066706080921
11.87         -0.107315584262833
11.88         -0.278733006007969
11.89         -0.451464068703353
11.9          -0.424792323410511
11.91         -0.579412110708654
11.92         -1.01002340041101
11.93         -0.974827182143927
11.94         -1.09111507214606
11.95         -0.880499972328544
11.96         -1.28239686504006
11.97         -1.45028782188892
11.98         -1.59772390276194
11.99         -1.72435485944152
12            -1.89268333420157
12.01         -1.85579544335604
12.02         -1.90816296055913
12.03         -1.72604660511017
12.04         -1.58973368257284
12.05         -1.45791463762522
12.06         -1.43023362636566
12.07         -0.878461559861898
12.08         -0.297041003666818
12.09         0.218571241702884
12.1          0.282705257143825
12.11         3.60296474955976E-02
12.12         0.563747529610992
12.13         0.681422817707062
12.14         0.984628650471568
12.15         0.770680199190974
12.16         0.622972222790122
12.17         0.814245610311627
12.18         0.616721329987049
12.19         -0.191757938973606
12.2          -0.506941464096308
12.21         -0.357437661588192
12.22         -5.23937931284308E-02
12.23         0.371038723737001
12.24         0.486956740804017
12.25         -0.20688662275672
12.26         -3.31270097033121E-02
12.27         0.570388468243182
12.28         0.929522151276469
12.29         0.658551433682442
12.3          0.209341777246445
12.31         0.465728278197348
12.32         -0.147529599778354
12.33         -0.195699309501797
12.34         -0.140048827389255
12.35         1.92144097317942E-02
12.36         -0.469306189455092
12.37         -0.115387135567144
12.38         -0.383338707312942
12.39         1.77883514924906E-02
12.4          -2.87052744207904E-02
12.41         0.411858428567648
12.42         0.530167664475739
12.43         0.532277266792953
12.44         0.206858811937273
12.45         0.551190451271832
12.46         3.69880038569681E-02
12.47         -0.298087636996061
12.48         -0.319356317482889
12.49         -0.382633642740548
12.5          -0.356251444257796
12.51         -0.700520993471146
12.52         -0.99615365870297
12.53         -0.495945738516748
12.54         -0.361491097658873
12.55         -0.104310563094914
12.56         -0.106243926677853
12.57         -0.531752954274416
12.58         -0.75349384367466
12.59         -0.816032811775804
12.6          -0.405915208943188
12.61         -0.72183314435184
12.62         -0.508691755011678
12.63         -0.256299487072974
12.64         -0.258589987624437
12.65         -0.55936215441674
12.66         -0.56362557861954
12.67         -0.886157811284065
12.68         -1.07544731162488
12.69         -0.713859734907746
12.7          -0.610145880170167
12.71         -0.829976520761848
12.72         -1.17193550616503
12.73         -0.678237473890185
12.74         -0.514771872572601
12.75         -5.23503227345645E-02
12.76         0.260361602604389
12.77         0.491914266049862
12.78         0.39504311542958
12.79         0.344823499806225
12.8          0.615540704056621
12.81         0.590973627492785
12.82         0.800021161884069
12.83         0.973868458047509
12.84         1.10815736688674
12.85         0.995188648849726
12.86         0.869949037134647
12.87         0.97740032248199
12.88         0.735392618179321
12.89         0.730425043031573
12.9          0.827423334047198
12.91         1.02434900566936
12.92         0.49347850587219
12.93         0.453108963556588
12.94         0.248660593181849
12.95         0.337450526319444
12.96         -0.117662323722616
12.97         -0.32596392698586
12.98         0.223160428907722
12.99         0.396525603868067
13            0.391505440324545
13.01         0.542901621088386
13.02         0.565203193947673
13.03         0.984100866168737
13.04         1.15967645309865
13.05         0.968570953756571
13.06         0.282648794967681
13.07         0.291496947873384
13.08         0.507141109965742
13.09         0.096824473394081
13.1          -6.33974946755916E-02
13.11         1.38846646703314E-02
13.12         7.32422232627869E-02
13.13         -0.397485680133104
13.14         -0.745306133776903
13.15         -1.23958720654249
13.16         -1.35786658510566
13.17         -1.36912466794252
13.18         -1.08741173811257
13.19         -0.887745257243514
13.2          -0.633615251630545
13.21         -0.225871216356754
13.22         9.04958126228303E-02
13.23         0.450511630363762
13.24         0.285333087220788
13.25         0.272431352064013
13.26         0.629990855008364
13.27         0.841059552580118
13.28         0.264692105334252
13.29         2.69500955985859E-02
13.3          0.44485565520823
13.31         0.389480074457824
13.32         0.570643772296608
13.33         4.40631370805204E-02
13.34         0.216252948604524
13.35         4.50552862370387E-02
13.36         -9.42456959746778E-02
13.37         -0.211743776891381
13.38         -0.28385078150779
13.39         -5.14967206120491E-02
13.4          0.368256910890341
13.41         3.88524913508445E-02
13.42         -0.324335696697235
13.43         -0.44060469288379
13.44         -7.93163565639406E-02
13.45         0.233358265366405
13.46         0.479249708577991
13.47         0.73995183840394
13.48         1.1315647213161
13.49         1.01788227751851
13.5          0.384831062927842
13.51         8.94411759171635E-02
13.52         -0.245214262548834
13.53         -4.59704805538058E-02
13.54         -0.133107287054881
13.55         -0.269597827903926
13.56         -0.381125243827701
13.57         -0.26742735972628
13.58         -0.312673644348979
13.59         -0.34712573133409
13.6          -0.728082209900022
13.61         -0.408501980602741
13.62         -0.470963911637664
13.63         -0.910165455490351
13.64         -1.27537333577871
13.65         -1.31381556272507
13.66         -0.964547703936696
13.67         -0.706740092039108
13.68         -0.765451618954539
13.69         -0.578378140255809
13.7          -0.51264977183193
13.71         -0.234834504593164
13.72         -0.208015610463917
13.73         3.96647672489053E-03
13.74         0.142434701509774
13.75         -0.445453825369477
13.76         -0.67169707082212
13.77         -6.24583678878844E-02
13.78         -0.246226470395923
13.79         -0.455542209260166
13.8          0.1830713519454
13.81         0.377815281227231
13.82         -1.64524123223964E-02
13.83         -0.184018692243844
13.84         0.325618612356484
13.85         0.278895120061934
13.86         3.47771807550453E-02
13.87         0.358357209339738
13.88         0.440904764682055
13.89         8.88730640988797E-02
13.9          0.183553454875946
13.91         0.495041393525898
13.92         0.373386892452836
13.93         0.463945681415498
13.94         0.449744768030941
13.95         0.236911508683115
13.96         0.103393783634529
13.97         -0.093567802682519
13.98         -0.315510713383555
13.99         -0.530345164015889
14            -0.572893451973796
14.01         -0.558760000839829
14.02         -0.248564735390246
14.03         -0.142060251301154
14.04         0.152343237837777
14.05         0.258014365788549
14.06         0.407280095256865
14.07         0.378305899165571
14.08         0.677312590554357
14.09         0.25475267926231
14.1          0.010929749115603
14.11         0.366548281386495
14.12         0.171285777166486
14.13         0.393195906914771
14.14         0.758389351889491
14.15         1.07224099092186
14.16         1.03486807353795
14.17         0.854956118389964
14.18         0.53307683698833
14.19         0.652655466869474
14.2          0.411991525813937
14.21         0.379751440510154
14.22         -1.90131528088386E-04
14.23         -0.077968847444281
14.24         1.73941121133976E-02
14.25         9.29961185809225E-02
14.26         3.97901563346386E-02
14.27         -0.303202945701778
14.28         0.129262148905545
14.29         0.632899406254292
14.3          0.8276319334656
14.31         0.587437779642642
14.32         0.333842757716775
14.33         0.16046850129962
14.34         0.230049929022789
14.35         -5.13725860510021E-02
14.36         -1.24167564054005E-04
14.37         0.257515854109079
14.38         0.233165252432227
14.39         0.321471109203994
14.4          0.073475161716342
14.41         -0.519973409436643
14.42         -0.455962295159698
14.43         -0.439246494323015
14.44         -0.443013782277703
14.45         -0.654501871392131
14.46         -0.596758424118161
14.47         -0.604323990270495
14.48         -0.356808464638889
14.49         -0.32614782191813
14.5          -0.212297690939158
14.51         -8.56016839854419E-02
14.52         0.158523900099099
14.53         -0.107023323979229
14.54         -0.371581199169159
14.55         -0.343586411699653
14.56         -0.156163415685296
14.57         5.82406798750162E-02
14.58         2.90918164886534E-02
14.59         -1.79795689346065E-04
14.6          3.72228061105125E-02
14.61         0.282094332743436
14.62         0.34064076717943
14.63         0.684609623327851
14.64         0.461132147423923
14.65         0.576698015928268
14.66         0.704097150564194
14.67         0.682063087821007
14.68         0.174661100674421
14.69         0.109864997696131
14.7          0.403471328616142
14.71         0.209786622449756
14.72         -2.01205731267692E-03
14.73         -0.160401733405888
14.74         -4.16898390417919E-02
14.75         -0.249305650703609
14.76         -6.86766761681065E-02
14.77         -0.464581602662802
14.78         -0.7196364916116
14.79         -0.717785555496812
14.8          -0.402547322362661
14.81         -0.482898371145129
14.82         -0.407677852101624
14.83         -9.94867380894721E-02
14.84         4.45631465379847E-03
14.85         0.172713320050389
14.86         0.227702911477536
14.87         0.43621591899544
14.88         0.350429700538516
14.89         0.111019557835534
14.9          -0.146160419415683
14.91         -0.225390611775219
14.92         -0.437255115397275
14.93         -0.317988653741777
14.94         -5.44769916124642E-02
14.95         -8.74151065573096E-02
14.96         0.058090328774415
14.97         0.178367833402008
14.98         0.509190851412714
14.99         0.465453239791095
15            4.80420622648671E-02
15.01         3.99400232126936E-02
15.02         -4.92876014253125E-02
15.03         5.45600266428664E-02
15.04         0.169741947781295
15.05         0.385033449679613
15.06         0.338270744495094
15.07         0.257432421650738
15.08         0.35263285830617
15.09         -2.22952848183922E-02
15.1          -0.22870812093839
15.11         -0.430753450132906
15.12         -0.426609674580395
15.13         -0.525205205641687
15.14         -0.881311931312084
15.15         -0.710876339301467
15.16         -0.725918520838022
15.17         -0.750756469666958
15.18         -0.68627279073
15.19         -0.721502630487084
15.2          -0.696738648936152
15.21         -0.666588285416365
15.22         -0.601575250737369
15.23         -0.677648220732808
15.24         -0.705728085190058
15.25         -0.727024814039469
15.26         -0.522224806733429
15.27         -0.443968742229044
15.28         -0.479739230163395
15.29         -9.49613038077951E-02
15.3          0.20558437474072
15.31         9.64600182697177E-02
15.32         9.29586872644722E-02
15.33         -0.119998944187537
15.34         -0.120247268127277
15.35         -0.338388017714024
15.36         -0.525212331935763
15.37         -0.821568224653602
15.38         -1.06188082113862
15.39         -0.853576029315591
15.4          -0.746731977313757
15.41         -0.870773859992623
15.42         -1.29151048153639
15.43         -0.877497573271394
15.44         -0.735010064095259
15.45         -0.532206588573754
15.46         -0.609244860783219
15.47         -0.405558419153094
15.48         -0.223625319097191
15.49         -0.186420929431915
15.5          0.117216190304607
15.51         0.371647565066814
15.52         0.498821435719728
15.53         0.352640678957105
15.54         0.431540996991098
15.55         -0.233561291657388
15.56         -0.480857108160853
15.57         -0.209334833677858
15.58         -0.364754757620394
15.59         -0.605366402640939
15.6          -0.486373042501509
15.61         -0.270815437473357
15.62         -1.98587614763528E-02
15.63         8.63351532351226E-02
15.64         0.418508357293904
15.65         0.635035540312529
15.66         0.651149077937007
15.67         0.829146143049002
15.68         0.655259231999517
15.69         0.486197662577033
15.7          0.454978610761464
15.71         0.843031964600086
15.72         0.986322077214718
15.73         1.00426001921296
15.74         0.926982413157821
15.75         0.919782005622983
15.76         0.831525521278381
15.77         0.724369958862662
15.78         0.710784903466702
15.79         0.478784197121859
15.8          0.280867477264255
15.81         0.307753979824483
15.82         9.00464540999383E-02
15.83         1.67371682985686E-02
15.84         -8.99492898210883E-02
15.85         -1.365470531141E-05
15.86         4.00303398538381E-02
15.87         7.88136604707688E-02
15.88         0.309379761591554
15.89         0.667549640759826
15.9          0.756387192159891
15.91         0.649928179308772
15.92         0.435944388918579
15.93         0.572483964152634
15.94         0.476219973787665
15.95         0.439971585609019
15.96         0.61491095893085
15.97         0.508038949929178
15.98         0.555826014205813
15.99         0.538637758344412
16            0.48070709053427
16.01         0.114769358960912
16.02         -0.179119712244719
16.03         -9.73095364775509E-02
16.04         -8.15888312458992E-02
16.05         -0.177087329719216
16.06         -0.285859829988331
16.07         -0.394179737493396
16.08         -7.73997671809047E-02
16.09         3.85184874292463E-02
16.1          0.262339003030211
16.11         7.12359613459557E-02
16.12         0.107286503501236
16.13         0.26782257668674
16.14         0.42167217604816
16.15         0.159544604681432
16.16         9.01882033981383E-02
16.17         4.03306674677879E-02
16.18         5.75866002822295E-02
16.19         -0.388287973366678
16.2          -0.621018156409264
16.21         -0.764507147446275
16.22         -0.739255946651101
16.23         -0.858754981309175
16.24         -0.765814438685775
16.25         -0.92849077552557
16.26         -0.741120404452085
16.27         -0.616554465070367
16.28         -0.174606630206108
16.29         -0.407287111915648
16.3          -0.221871044766158
16.31         0.25382008491084
16.32         0.599070559367538
16.33         0.336272093094885
16.34         0.162940795440227
16.35         0.293179173544049
16.36         0.465758464448154
16.37         0.201062795966864
16.38         8.14292753487825E-02
16.39         8.51383560989052E-02
16.4          -5.59110897732899E-02
16.41         8.50384966190904E-02
16.42         0.184036672431976
16.43         0.240680971071124
16.44         0.322908976078033
16.45         0.462887445017695
16.46         0.726714326888323
16.47         0.486766998656094
16.48         0.359012938030064
16.49         0.330175091698766
16.5          0.291195322908461
16.51         0.156334994919598
16.52         5.19486601324752E-02
16.53         -5.99721180880442E-02
16.54         -0.071643699570559
16.55         -1.27388193947263E-02
16.56         0.121693969778717
16.57         3.94691716041416E-02
16.58         0.152934784200043
16.59         0.153237103521824
16.6          0.357295793518424
16.61         0.135628624716774
16.62         0.066335108410567
16.63         -0.156924028806388
16.64         -8.50197489839047E-02
16.65         -0.197035380005837
16.66         -0.260234809387475
16.67         -0.364949981532991
16.68         -0.211979858223349
16.69         -0.298820238299668
16.7          -0.373671067133546
16.71         -0.388935662135482
16.72         -0.239671558924019
16.73         -0.130504453824833
16.74         -0.153342280313373
16.75         -0.200787319019437
16.76         -0.278738853223622
16.77         -7.01276307553053E-02
16.78         0.118259022943676
16.79         -4.09055264247581E-02
16.8          -7.47783050872386E-02
16.81         -0.025542293919716
16.82         3.69539849390276E-02
16.83         -8.00351438205689E-02
16.84         7.66564855724573E-02
16.85         -3.38044872949831E-02
16.86         -0.127054331637919
16.87         -2.39081364730373E-02
16.88         -0.100690725473687
16.89         -0.106053554126993
16.9          -9.39509232155979E-02
16.91         0.116668589422479
16.92         0.181573039479554
16.93         2.12511022947729E-02
16.94         0.227665982656181
16.95         0.220752965770662
16.96         0.226606101728976
16.97         0.121152444519103
16.98         7.08059854293242E-02
16.99         2.50559449056163E-02
17            0.112735350178555
17.01         5.75475335726515E-02
17.02         0.265399691518396
17.03         0.178785598687828
17.04         0.118685778323561
17.05         0.144014874994755
17.06         8.47513526491821E-02
17.07         -9.98016289249063E-02
17.08         -0.134246406890452
17.09         -0.136021822560579
17.1          -0.148741910308599
17.11         -3.38127876003273E-02
17.12         -9.70993108022958E-02
17.13         3.88841942232102E-02
17.14         0.136692817965522
17.15         0.184894002154469
17.16         0.191457026638091
17.17         0.285435376949608
17.18         0.223610463514924
17.19         0.164759590141475
17.2          0.159141329526901
17.21         0.161076757907867
17.22         0.186599854230881
17.23         0.330373202674091
17.24         0.455549810640514
17.25         0.517412694431841
17.26         0.466822584606707
17.27         0.563090010210872
17.28         0.657420874536037
17.29         0.738302558138967
17.3          0.489484126679599
17.31         0.501530231460929
17.32         0.435015083625913
17.33         0.435631343610585
17.34         0.359564147740603
17.35         0.277663568537682
17.36         0.145458296723664
17.37         0.036577908473555
17.38         -7.00146561535075E-02
17.39         -0.101401582444087
17.4          -8.39918906986713E-02
17.41         -9.89049492683262E-02
17.42         -9.40198289975524E-02
17.43         -0.16513554783538
17.44         -0.27248658997938
17.45         -0.452543464712799
17.46         -0.556710953749716
17.47         -0.688259893879294
17.48         -0.6802612683177
17.49         -0.533777114152908
17.5          -0.591380337886512
17.51         -0.445846721716225
17.52         -0.466233075633645
17.53         -0.589234811738133
17.54         -0.460724413767457
17.55         -0.321563422121108
17.56         -0.334317734353244
17.57         -0.243811917509884
17.58         -0.125191746773198
17.59         -3.05046179937199E-02
17.6          9.59685689304024E-03
17.61         7.49306707363576E-02
17.62         9.01805289275944E-02
17.63         0.101099199168384
17.64         8.97518183849752E-02
17.65         2.01341607654467E-02
17.66         -0.133898771647364
17.67         -0.131169282244518
17.68         -0.120164255937561
17.69         -0.13192308884114
17.7          -7.74662609864026E-02
17.71         -0.138937034150586
17.72         -3.12444163975306E-02
17.73         -0.011172686079517
17.74         0.06983988835942
17.75         0.062124501010403
17.76         0.129483941104263
17.77         9.40017117653042E-02
17.78         0.148005581405014
17.79         3.96316785179079E-02
17.8          -5.09189300530124E-03
17.81         -0.155281527657062
17.82         -9.01826302707195E-02
17.83         -9.10345787275583E-02
17.84         -0.173205399792641
17.85         -0.234748550523073
17.86         -0.23026207331568
17.87         -0.302952447328717
17.88         -0.296841997336596
17.89         -0.345309805423021
17.9          -0.397920639887452
17.91         -0.328022402711213
17.92         -0.221186682991683
17.93         -0.122840279862285
17.94         -7.75333395134658E-02
17.95         -0.169105149451643
17.96         -0.172396072056144
17.97         -0.213459331691265
17.98         -0.187385135293007
17.99         -0.180707615017891
18            -0.173001642599702
18.01         -0.165764909237623
18.02         -0.144292371058837
18.03         -0.173780948538333
18.04         -9.50634199474007E-02
18.05         6.68617141339928E-02
18.06         0.156801821999252
18.07         0.134591730656102
18.08         0.091706131445244
18.09         0.139383578700945
18.1          0.117951121358201
18.11         0.158767144270241
18.12         7.26275392854586E-02
18.13         9.25781066156924E-02
18.14         -1.20635733380914E-02
18.15         -2.22630292014219E-02
18.16         -2.15254143672064E-02
18.17         -3.07866958994418E-02
18.18         -0.140329621648416
18.19         -8.96823918353766E-02
18.2          -8.20383999031037E-02
18.21         7.90428073704243E-02
18.22         0.101967200059444
18.23         0.218992752861232
18.24         0.239514835271984
18.25         0.247292618807405
18.26         0.229638851489872
18.27         0.319542405121028
18.28         0.191970887258649
18.29         0.182164467070252
18.3          0.212203203588724
18.31         0.348440879769623
18.32         0.316833609379828
18.33         0.360091603137553
18.34         0.337930582724512
18.35         0.263995318226516
18.36         0.235252379514277
18.37         5.36755530489609E-02
18.38         0.100502454265952
18.39         8.76297724619508E-02
18.4          6.81581012299284E-02
18.41         5.75877560209483E-02
18.42         0.128633856447414
18.43         9.17658095899969E-02
18.44         0.123937875330448
18.45         1.66331118426751E-02
18.46         5.57890702597797E-02
18.47         -5.02928040339611E-03
18.48         -2.19343357393518E-02
18.49         1.50506999704521E-02
18.5          -6.83539281366393E-02
18.51         4.57105741021223E-03
18.52         -9.80044963303953E-02
18.53         -0.149805591925979
18.54         -0.209142588190734
18.55         -0.187904788311571
18.56         -0.279240014422685
18.57         -0.339784259721637
18.58         -0.252849849108607
18.59         -0.258049321174622
18.6          -0.19260735668242
18.61         -0.173869022224098
18.62         -0.11378580247052
18.63         -7.08085116092116E-02
18.64         -9.47186078131199E-02
18.65         -0.13485978894867
18.66         -0.167996553909034
18.67         -0.179360781982541
18.68         -0.175143057424575
18.69         -7.63874222896993E-02
18.7          -1.55967008625157E-02
18.71         -1.82948254351504E-02
18.72         -1.01436400786042E-02
18.73         -5.79186216322705E-02
18.74         -4.65626436145976E-02
18.75         -6.71545956842601E-02
18.76         -9.66085192747414E-02
18.77         -7.29178124293685E-02
18.78         -0.134054197948426
18.79         -9.60259538702667E-02
18.8          -4.31499847210944E-02
18.81         -5.58300373144448E-02
18.82         -4.05930384295061E-02
18.83         -2.12741919443943E-02
18.84         -3.07541456376202E-02
18.85         -7.05897480854765E-02
18.86         -2.00905853044242E-02
18.87         -7.17529591347557E-03
18.88         6.61475498322397E-02
18.89         6.37336364854127E-02
18.9          0.145951454546303
18.91         0.148702057879418
18.92         0.152871835269034
18.93         0.15419787414372
18.94         0.105539264101535
18.95         0.107209356799722
18.96         0.116918694935739
18.97         4.61716932943091E-02
18.98         2.61052437429316E-02
18.99         2.86713925469667E-02
19            4.08473329246044E-02
19.01         4.99493006709963E-02
19.02         8.30172694846988E-02
19.03         6.43675568886101E-02
19.04         3.44931887998246E-02
19.05         9.64217829611152E-02
19.06         0.133154284050688
19.07         0.162980227600783
19.08         0.140797380628064
19.09         0.186176442727447
19.1          0.148353225784376
19.11         9.84060264565051E-02
19.12         6.09583743475378E-02
19.13         2.30669368430972E-02
19.14         1.68993976979982E-02
19.15         -5.93595948396251E-02
19.16         -4.10310862446204E-02
19.17         -6.83928806427866E-02
19.18         -0.063168105664663
19.19         -0.025618616072461
19.2          -7.47977939026896E-03
19.21         -2.68868063413538E-02
19.22         -5.90114890784025E-02
19.23         -0.0559727504896
19.24         -4.46846641274169E-02
19.25         -6.78841180633754E-02
19.26         -8.72121624927968E-02
19.27         -5.91477794526145E-02
19.28         -4.08274706639349E-02
19.29         -2.27896965947002E-02
19.3          -7.35843813093379E-02
19.31         -8.41868496593088E-02
19.32         -0.115220499057323
19.33         -9.41767353750765E-02
19.34         -9.91057280357927E-02
19.35         -0.089626779332757
19.36         -0.117258573481813
19.37         -0.115105984993279
19.38         -6.61806277139112E-02
19.39         -0.032841060301289
19.4          -0.029104123050347
19.41         -1.52038581913803E-02
19.42         -1.94033498861245E-03
19.43         -0.012475388625171
19.44         -2.60661884536967E-02
19.45         -4.20145422359929E-02
19.46         -3.83859520638362E-02
19.47         -4.04381968500093E-02
19.48         -9.87163034733385E-03
19.49         -8.10549199290108E-03
19.5          -0.020618801296223
19.51         -2.69749257084914E-02
19.52         -2.46475876984186E-02
19.53         -2.90104008628987E-03
19.54         -8.24977774929721E-03
19.55         8.04797286400571E-03
19.56         3.63404772570357E-02
19.57         0.031656357308384
19.58         1.31412425916642E-02
19.59         0.017323376792483
19.6          1.84714090637863E-02
19.61         3.26433832990006E-02
19.62         3.84576352732256E-02
19.63         3.57235731650144E-02
19.64         3.19696698524058E-02
19.65         2.20718366699293E-02
19.66         3.42166840215214E-02
19.67         2.40295507083647E-02
19.68         6.78339827572927E-03
19.69         8.65557794168126E-04
19.7          3.82056071452098E-03
19.71         7.71813736762852E-03
19.72         1.24905000231229E-02
19.73         1.42237712012138E-02
19.74         2.51505076303147E-02
19.75         2.79384577693418E-02
19.76         3.45495733176358E-02
19.77         2.58523242571391E-02
19.78         1.23513260122854E-02
19.79         3.5252634761855E-03
19.8          6.75381559005473E-03
19.81         1.46348715748172E-02
19.82         1.20701583079062E-02
19.83         1.49260560621042E-02
19.84         1.89421955763828E-02
19.85         2.08455887529999E-02
19.86         2.17809628159739E-02
19.87         2.40132036292925E-02
19.88         0.020676880592946
19.89         1.84065780602396E-02
19.9          1.43063094466925E-02
19.91         1.17410788382404E-02
19.92         5.68720522569493E-03
19.93         1.38256200691103E-03
19.94         1.17357329756487E-03
19.95         -2.29278561935644E-03
19.96         -3.12643511773786E-03
19.97         -3.88676672737347E-03
19.98         -3.07606169750216E-03
19.99         -3.16554636665387E-03
20            -2.70869238709565E-03
