Horizontal-Spectrum-NTC - Comune Mercato San Severino (SA) - SLV q=1 VR=50 Suolo=C Topo=T1 h/H=1 (8)
Time (s)      Acc. (m/s^2)
0             -1.72449749952648E-03
0.01          -1.66145827643049E-04
0.02          8.31225673318841E-03
0.03          1.37257414602209E-02
0.04          1.31275164813269E-02
0.05          2.38906542118639E-02
0.06          2.38675417215563E-02
0.07          2.52016913238913E-02
0.08          2.93758427049033E-02
0.09          3.46700282441452E-02
9.999999E-02  2.29143267986365E-02
0.11          0.010700685584452
0.12          -0.024301797982771
0.13          -5.40323976567015E-02
0.14          -6.33046883996576E-02
0.15          -0.101287150606513
0.16          -7.67513931915164E-02
0.17          -0.08749232634902
0.18          -5.29887838661671E-02
0.19          -8.34575191419572E-02
0.2           -0.092909899558872
0.21          -0.183398156482726
0.22          -0.131719697099179
0.23          -0.123590029953048
0.24          -0.14495655993931
0.25          -0.118272754764184
0.26          -0.139913802389055
0.27          -9.31000071577728E-02
0.28          -8.57052619289607E-02
0.29          -0.134248444279656
0.3           -0.170835870467126
0.31          -0.187673932928592
0.32          -0.21678383924067
0.33          -0.249400339052081
0.34          -0.243180016223341
0.35          -0.232525512222201
0.36          -0.190548387598246
0.37          -0.213179140426219
0.38          -0.175654652249068
0.39          -8.17116593196988E-02
0.4           5.55291386833414E-02
0.41          -1.01922993053449E-03
0.42          -2.75927662686445E-02
0.43          1.27738193201367E-02
0.44          -6.88442400097847E-02
0.45          7.79668363218661E-03
0.46          4.36695326725021E-02
0.47          2.29836871102452E-02
0.48          2.86765225650743E-02
0.49          0.188700978085399
0.5           4.33156938990578E-02
0.51          0.127214335212484
0.52          0.172336503546685
0.53          0.134033230198547
0.54          0.101101757325232
0.55          6.26027301605791E-02
0.56          0.107145000882447
0.57          0.15614417469129
0.58          6.37478924996685E-03
0.59          3.42300937883556E-02
0.6           5.50304534146562E-02
0.61          5.09880311228335E-02
0.62          4.55363853194285E-03
0.63          6.85477450629696E-02
0.64          -4.72686355188489E-02
0.65          -3.35377309215255E-02
0.66          -0.13965579399839
0.67          -0.290580506455153
0.68          -0.440983227007091
0.69          -0.560624495185912
0.7           -0.843316943272948
0.71          -0.890200941637158
0.72          -0.928257398530841
0.73          -0.875277677848935
0.74          -0.820066878944635
0.75          -0.853944988623262
0.76          -0.818016114234924
0.77          -0.704145609363914
0.78          -0.67479419477284
0.79          -0.827033105492592
0.8           -0.816009861454368
0.81          -0.787970050424337
0.82          -0.688190969824791
0.83          -0.519406558424234
0.84          -0.350420564264059
0.85          -0.398923875913024
0.86          -0.176572518926114
0.87          -0.132154300538823
0.88          -4.14167329575866E-02
0.89          -0.163741297535598
0.9           -0.182505085654557
0.91          -7.16214207652956E-02
0.92          -0.100797117389739
0.93          -0.210367963593453
0.94          -0.262010681871325
0.95          -0.135109602101147
0.96          1.82891358202323E-02
0.97          0.125249104304239
0.98          -0.1403727996815
0.9899999     1.52226537920069E-02
1             -4.05282485391945E-02
1.01          6.92937492812052E-02
1.02          0.187046892140061
1.03          0.188258343860507
1.04          0.116083602905273
1.05          -0.128236245783046
1.06          -0.304732339773327
1.07          -0.145298430193216
1.08          -0.164280410818756
1.09          -9.13963751960546E-02
1.1           -0.126210989551619
1.11          6.99643518263474E-02
1.12          0.59455574143678
1.13          0.652263995781541
1.14          0.746441005244851
1.15          0.723433234915137
1.16          0.836538777798414
1.17          0.753402334749699
1.18          0.644975222200155
1.19          0.293273697439581
1.2           0.155207615196705
1.21          6.82825692649931E-02
1.22          0.196924410816282
1.23          0.402462610825896
1.24          0.300817574076355
1.25          1.78034891572315E-02
1.26          0.249184722974896
1.27          4.51765108946711E-02
1.28          6.40342884371057E-02
1.29          1.61622682283632E-02
1.3           -0.238945828098804
1.31          -0.364694750569761
1.32          -0.504199375770986
1.33          -0.930131796598434
1.34          -0.663167079538107
1.35          -0.818788312152028
1.36          -0.842747716829181
1.37          -1.00473247423768
1.38          -1.10102909937501
1.39          -0.739532300680876
1.4           -0.425621458590031
1.41          -0.162572073675692
1.42          0.255101118497551
1.43          0.381015937440097
1.44          0.209378340616822
1.45          0.638046710193157
1.46          0.441171032264829
1.47          0.342879227511585
1.48          0.416429050862789
1.49          0.114402281725779
1.5           0.333308906927705
1.51          0.573006741777062
1.52          0.604304255917668
1.53          0.599846959970892
1.54          1.01725428655744
1.55          1.44823164850473
1.56          1.67424846053123
1.57          1.85954277768731
1.58          1.76350898489356
1.59          1.80628575280309
1.6           1.94105047881603
1.61          1.93483942016959
1.62          1.43526734814048
1.63          1.17310853071511
1.64          0.748757525905967
1.65          1.21140114203095
1.66          0.779696532636881
1.67          0.588304958269
1.68          0.626061526089907
1.69          0.640069042816758
1.7           0.68656537078321
1.71          0.541767261251807
1.72          0.142005890468135
1.73          -0.539460096135736
1.74          -0.366345565728843
1.75          -0.599547399803996
1.76          -1.32870023488998
1.77          -1.67099214613438
1.78          -1.07054515220225
1.79          -0.941941344961524
1.8           -0.44981007412076
1.81          -0.645303981900215
1.82          -0.384887671284378
1.83          0.230002054944634
1.84          3.99149852525443E-02
1.85          -0.161732395235449
1.86          -0.625594114288688
1.87          -0.832206868082285
1.88          -0.889111020639539
1.89          -0.3575031504035
1.9           -0.216384127233177
1.91          0.132421280751005
1.92          -2.21266428963281E-02
1.93          0.189535394031554
1.94          -0.101888025105
1.95          -3.48601746722125E-02
1.96          0.081657782709226
1.97          0.64953787766397
1.98          1.02371597148478
1.99          0.977647367343307
2             0.998996574953198
2.01          0.644237669035792
2.02          0.130537865180522
2.03          -0.187580377478153
2.04          -0.295100038703531
2.05          -1.04590311250649E-02
2.06          -0.289151867218316
2.07          -0.153331408146769
2.08          -0.493787531219423
2.09          -0.74702148757875
2.1           -0.516428169496358
2.11          -0.561364241056144
2.12          -0.426248316653073
2.13          0.321193585731089
2.14          1.07366939261556E-02
2.15          -0.106277904482558
2.16          0.424552368298173
2.17          0.578748086281121
2.18          0.318903962261975
2.19          0.298967898767442
2.2           0.097938833925873
2.21          1.37478603806812E-02
2.22          -0.39649662360549
2.23          -0.446227485090494
2.24          -0.374083442017436
2.25          -0.190201117806137
2.26          -0.533713306412101
2.27          -0.490074549280107
2.28          -0.27426010530442
2.29          0.128311071870849
2.3           0.513902135789394
2.31          0.475874878428876
2.32          0.406917421706021
2.33          0.119283564761281
2.34          4.63019263185561E-02
2.35          6.72782231820747E-02
2.36          0.180241263024509
2.37          0.158640661686659
2.38          -3.39835285814479E-02
2.39          0.412108177766204
2.4           -0.255205856747925
2.41          -0.309948988035321
2.42          -0.682517489567399
2.43          -0.561742482818663
2.44          -0.859526740685105
2.45          -0.400026770420372
2.46          -0.999346092268825
2.47          -0.42691394906491
2.48          -0.516670865491033
2.49          -0.412269451282918
2.5           -0.455762356929481
2.51          -0.830737755149603
2.52          -0.909270685315132
2.53          -0.749724509194493
2.54          -0.902704627588391
2.55          -0.587349852137268
2.56          -0.600554911606014
2.57          -0.264687957465649
2.58          0.447778312861919
2.59          0.415062775835395
2.6           0.270319228135049
2.61          0.292821598034352
2.62          0.330748045742512
2.63          0.165965103283525
2.64          0.110825823135674
2.65          -0.180000266376883
2.66          -0.571856192462146
2.67          -0.546423289440572
2.68          -0.74647937759757
2.69          -0.504074501171708
2.7           -0.493218304775655
2.71          -0.616447899565101
2.72          -0.515605685524642
2.73          -0.194151807334274
2.74          -0.404321733042598
2.75          -0.242140216827393
2.76          0.428936829864979
2.77          0.564318364039063
2.78          1.30173068359494
2.79          1.51965100228786
2.8           1.76900419816375
2.81          1.4950254535675
2.82          1.20537163943052
2.83          1.77658935248852
2.84          1.6731319347024
2.85          1.98008839085698
2.86          1.62478686332703
2.87          1.92949389562011
2.88          1.43335150793195
2.89          1.13852926678956
2.9           1.0159257991612
2.91          0.607693667560816
2.92          0.864443883597851
2.93          0.308515725843608
2.94          -0.234216380808502
2.95          -0.652143616229296
2.96          -0.489192058257759
2.97          -0.49234451148659
2.98          -1.1157493916899
2.99          -1.13222984209657
3             -1.35205328330398
3.01          -1.26226051613688
3.02          -1.09464730203152
3.03          -1.22073592945933
3.04          -0.547009947896004
3.05          -0.43623207192868
3.06          -0.611545082330704
3.07          -0.298576190136373
3.08          -0.563021341972053
3.09          -0.136971666198224
3.1           0.190168848484755
3.11          0.145620319414884
3.12          -0.248606469891965
3.13          -0.562827616408467
3.14          -0.281503361966461
3.15          0.130205670241267
3.16          0.729505568370223
3.17          0.980174826309085
3.18          1.36518042862415
3.19          1.18718884527683
3.2           1.12053182937205
3.21          0.745751472339034
3.22          0.674325978979468
3.23          0.460274068526924
3.24          0.243956800550222
3.25          0.407326799891889
3.26          0.28558088125661
3.27          0.204159371741116
3.28          -0.106319182170555
3.29          0.257293641641736
3.3           0.228360339514911
3.31          0.765194999277592
3.32          0.99279911108315
3.33          1.08918556407094
3.34          1.73236364454031
3.35          1.65557128429413
3.36          1.06092260867357
3.37          1.13601686440408
3.38          0.776322543025017
3.39          0.698997062891722
3.4           0.766961223855615
3.41          0.5178407471627
3.42          -4.84356255596504E-02
3.43          1.23822637216654E-02
3.44          6.08294523786753E-02
3.45          -0.318514428064227
3.46          -0.473117039166391
3.47          -0.903641278445721
3.48          -0.929880366325379
3.49          -0.656072579696774
3.5           -0.548075310587883
3.51          -0.971025468707085
3.52          -0.916483079642057
3.53          -0.616065053120256
3.54          -0.412952406071126
3.55          -0.635412612631917
3.56          -0.644257768839598
3.57          -0.802078943252564
3.58          -0.86960946008563
3.59          -0.54349496729672
3.6           -0.221854745652527
3.61          -2.10987115208991E-02
3.62          -0.181290089059621
3.63          -0.488465834073722
3.64          -0.818544848710299
3.65          -0.713789129778743
3.66          -1.17699042409658
3.67          -1.92090126603842
3.68          -1.72584429144859
3.69          -1.8259908695519
3.7           -1.74711763143539
3.71          -1.40748693421483
3.72          -0.674285487011075
3.73          -5.01482019340619E-02
3.74          0.176955895274878
3.75          0.697772802114487
3.76          0.510223360061645
3.77          0.471690866723657
3.78          0.145112497871742
3.79          -0.165750455651432
3.8           -0.536107119955123
3.81          -0.53816449932754
3.82          -0.195863049812615
3.83          -0.467288936600089
3.84          -0.160246252287179
3.85          2.48012529825792E-02
3.86          0.19473384283483
3.87          0.148542584208772
3.88          0.306507024541497
3.89          0.214925557561219
3.9           0.338668464794755
3.91          0.118844329230487
3.92          0.272104401346296
3.93          0.973856544345617
3.94          0.776868161335588
3.95          0.454927813075483
3.96          0.188821229729801
3.97          0.527245883904398
3.98          0.417511297389865
3.99          0.435356889925897
4             -0.466023672223091
4.01          -0.843151174709201
4.02          -0.824598982706666
4.03          -1.09878837324679
4.04          -0.673607209995389
4.05          -0.630297687649727
4.06          -0.60316065017134
4.07          -0.297437810339034
4.08          -0.266385422442108
4.09          -4.02654207637534E-02
4.1           9.69306917209178E-02
4.11          0.598924232795835
4.12          0.427134389095008
4.13          0.777817164435983
4.14          1.16572715185583
4.15          1.21258973479271
4.16          1.20480343624949
4.17          1.11915999948978
4.18          0.679554193764925
4.19          0.520619855672121
4.2           0.625854388475418
4.21          0.632321993708611
4.22          0.920125164091587
4.23          0.55761102296412
4.24          0.644565478563309
4.25          5.77522774832323E-02
4.26          0.278827036544681
4.27          0.185110093317926
4.28          -8.46681120526046E-02
4.29          -0.259465535078198
4.3           -0.260584235340357
4.31          -0.872659075409174
4.32          -0.443793545030057
4.33          -0.4124649310112
4.34          -0.326917242407799
4.35          0.350097103603184
4.36          0.290690799560398
4.37          0.364005510024726
4.38          0.734075313583016
4.39          0.295436491146684
4.4           0.176044478807598
4.41          0.740136610418558
4.42          0.727864108756185
4.43          0.411253351382911
4.44          0.405718413591385
4.45          0.491641201078892
4.46          0.452245183624327
4.47          0.414804840534926
4.48          0.10839108821936
4.49          0.123616004381329
4.5           0.048127988926135
4.51          -0.357648307532072
4.52          0.179579102396965
4.53          -0.151692917821929
4.54          -0.58161168705672
4.55          -1.13823968343437
4.56          -1.14952736780047
4.57          -0.963164252713323
4.58          -1.10020244926214
4.59          -0.658701780214906
4.6           -0.860127907544375
4.61          -1.0929179880023
4.62          -0.575081004984677
4.63          -0.107726835384965
4.64          5.21204769099131E-02
4.65          0.509363490454853
4.66          0.250304099321365
4.67          0.515242500342429
4.68          0.772181106358767
4.69          0.71555966667831
4.7           0.566483551450074
4.71          1.01349094547331
4.72          0.413428332880139
4.73          -2.83711014781147E-02
4.74          0.293852352518588
4.75          -0.177124971169978
4.76          -5.69209998473525E-02
4.77          4.13504584226757E-02
4.78          -0.124104530112818
4.79          -0.225686663612723
4.8           0.174259817227721
4.81          0.262318537775427
4.82          0.740664394721389
4.83          0.467950000874698
4.84          -0.171768556181341
4.85          -0.418955157659948
4.86          -0.421036400981247
4.87          -0.620904354974627
4.88          -0.469048436880112
4.89          -1.01412522219121
4.9           -0.75732486627996
4.91          -0.244754360765219
4.92          -0.419771392419934
4.93          -0.303646621461958
4.94          -0.235178339146078
4.95          -0.19061563057825
4.96          -0.268545347359031
4.97          -0.236661065127701
4.98          -5.21692280704156E-02
4.99          -3.83896431187168E-02
5             -6.42358300834894E-02
5.01          -0.21992335550487
5.02          -0.752228725478053
5.03          -0.874080460444093
5.04          -0.842507688626647
5.05          -0.81754592500627
5.06          -1.69667764887214
5.07          -1.57122826829553
5.08          -1.45002455100417
5.09          -1.4135763707757
5.1           -1.36348619788885
5.11          -1.16583349809051
5.12          -1.39667455539107
5.13          -1.01702894948423
5.14          -0.906298399418592
5.15          -0.691721664816141
5.16          0.046207758737728
5.17          5.41688113706186E-02
5.18          0.242168246917427
5.19          -0.233332555890083
5.2           -0.359159520417452
5.21          -0.473972632996738
5.22          -0.158877327740192
5.23          -5.65669235307723E-02
5.24          0.045433856905438
5.25          0.311224594675005
5.26          0.315582889951766
5.27          7.20710807852447E-02
5.28          0.276158769316971
5.29          0.33340118329972
5.3           0.405325042158365
5.31          0.505645611472428
5.32          -0.225415864437819
5.33          -2.53745205147425E-03
5.34          2.70376936270623E-03
5.35          5.93472197558731E-02
5.36          0.437480269744992
5.37          0.933584796711803
5.38          1.13626749068499
5.39          1.40907971575856
5.4           1.54293505355716
5.41          1.26748076409101
5.42          1.02200931541622
5.43          0.800762588828802
5.44          0.903357176855207
5.45          1.20162145458162
5.46          1.58728837698698
5.47          1.13561684176326
5.48          0.453687764815986
5.49          0.216802385877818
5.5           0.408322251811624
5.51          0.72335663639009
5.52          0.862834218218923
5.53          0.631994695812464
5.54          0.14900782157667
5.55          0.386353495158255
5.56          0.274706704672426
5.57          0.543299597203732
5.58          -0.131317436071113
5.59          -0.446015340797603
5.6           -0.955273581370711
5.61          -0.989653089791536
5.62          -0.917349783182144
5.63          -1.00167481899261
5.64          -0.932750472128391
5.65          -0.727724141031504
5.66          -0.677432750836015
5.67          -0.149906255397946
5.68          -6.52937923930585E-02
5.69          -0.607030885666609
5.7           -0.568770214766264
5.71          -0.506951806358993
5.72          -0.012525439420715
5.73          0.209125923626125
5.74          0.465234151929617
5.75          0.673042003512383
5.76          0.500702886991203
5.77          0.216322439108044
5.78          0.34561217956245
5.79          -3.57228742400184E-02
5.8           0.384467987380922
5.81          0.279455995950848
5.82          -0.323813467249274
5.83          -0.489603994600475
5.84          -0.278860036768019
5.85          -0.433653303645551
5.86          -0.190883067604154
5.87          -0.344735828116536
5.88          -0.482241728827357
5.89          -0.368621448241174
5.9           -0.371840925179422
5.91          -0.389151168577373
5.92          -0.277427140027285
5.93          -5.45819262927398E-02
5.94          0.222548024430871
5.95          0.628951439335942
5.96          0.735232550650835
5.97          0.885078342184424
5.98          1.04592069983482
5.99          0.790500579178333
6             0.721910619959235
6.01          0.731744978874922
6.02          0.737010250389576
6.03          0.917310168296099
6.04          1.22724797353148
6.05          0.946005232930183
6.06          0.746308200359345
6.07          0.68254709109664
6.08          0.59240096937865
6.09          0.211771240532398
6.1           0.57469549074769
6.11          0.888473016321659
6.12          1.0306828558445
6.13          1.0668545358628
6.14          1.54049223303795
6.15          0.844929093718529
6.16          0.881869317144156
6.17          0.704918245822191
6.18          0.889715768918395
6.19          0.512959601171315
6.2           0.299414297137409
6.21          -0.477980716601014
6.22          -0.199331033416092
6.23          -0.219127056095749
6.24          -2.86926458054222E-02
6.25          -0.952086702659726
6.26          -0.558007135279477
6.27          -0.2593006070517
6.28          0.66962693721056
6.29          0.158531209118664
6.3           0.123041953984648
6.31          -0.234007507301867
6.32          0.188435587584972
6.33          -9.97368801478297E-02
6.34          -0.20446366449818
6.35          0.231903825290501
6.36          -0.250888418890536
6.37          -5.63943849876523E-02
6.38          1.99105144740315E-03
6.39          -6.12867685966194E-02
6.4           0.607182145826519
6.41          0.400375045202672
6.42          0.415513523072004
6.43          -5.93028083257377E-02
6.44          -0.421644511409104
6.45          -0.267556290831417
6.46          -0.473321837894619
6.47          -0.434795703403652
6.48          -0.476924928724766
6.49          -0.315868197530508
6.5           -0.605102181583643
6.51          -0.702154632434249
6.52          -0.813470488786697
6.53          -0.93080554202199
6.54          -0.784317075535655
6.55          -0.71253892198205
6.56          -0.226052973400801
6.57          -1.45669159654062E-02
6.58          -5.46924752136692E-02
6.59          -2.91482695285231E-02
6.6           -4.77496375283226E-02
6.61          -0.50639226436615
6.62          -0.541233593188226
6.63          -0.436422398798168
6.64          -0.397767040841281
6.65          -0.570865454860032
6.66          -0.131718984469771
6.67          -0.210836270749569
6.68          0.135807604333386
6.69          0.277790836840868
6.7           0.837932900190353
6.71          0.672685542628169
6.72          0.550366834402084
6.73          -0.140093494635075
6.74          -0.151294384393841
6.75          3.24999232334085E-02
6.76          0.144735836684704
6.77          0.146377817066386
6.78          5.24924991535954E-03
6.79          -9.20421636197716E-02
6.8           7.54159302497283E-02
6.81          0.125979924034327
6.82          0.437367381937802
6.83          -0.101335326181725
6.84          -0.194104152526706
6.85          -0.203748184572905
6.86          -7.99702123180032E-02
6.87          -0.497265710905194
6.88          -0.328993881046772
6.89          -0.153501562122256
6.9           3.17769218701869E-02
6.91          0.114002240812406
6.92          -0.106804720340297
6.93          -0.144909718260169
6.94          -0.37942443497479
6.95          -0.627380000129342
6.96          -0.19932787226513
6.97          -9.27585388999432E-02
6.98          -0.365299023762345
6.99          -0.063619903572835
7             8.79314156994224E-02
7.01          0.519413977079094
7.02          0.476043424420059
7.03          -2.98944267793559E-02
7.04          -0.344821453280747
7.05          4.84057879148168E-04
7.06          0.174186325035989
7.07          0.459323384352028
7.08          0.336860140264034
7.09          0.113235323661938
7.1           -0.109437831183895
7.11          0.260572559181601
7.12          -9.54068799130619E-02
7.13          -8.71936798095703E-02
7.14          -0.399111498445272
7.15          -0.164956074859947
7.16          -0.39943188931793
7.17          -0.388907193504274
7.18          -0.253858365900815
7.19          2.08310209633783E-02
7.2           -0.265758418198675
7.21          -0.769858299940825
7.22          -1.01287143297493
7.23          -0.81342400342226
7.24          -1.28026672437787
7.25          -1.28061492606998
7.26          -1.43951783537865
7.27          -0.876702205762267
7.28          -1.22340788774192
7.29          -1.44402253031731
7.3           -1.4115068949759
7.31          -1.69368153557181
7.32          -1.93002818495035
7.33          -1.55324047878385
7.34          -1.57969065114856
7.35          -1.85274992108345
7.36          -1.07723970249295
7.37          -0.374053621217608
7.38          -9.86379873286933E-02
7.39          0.832980381622911
7.4           0.83342893615365
7.41          0.705410946831107
7.42          0.999746553450823
7.43          0.76340721309185
7.44          0.572356092855334
7.45          0.378735048249364
7.46          0.156461934316903
7.47          0.640002019107342
7.48          1.08046100668609
7.49          0.795617623776197
7.5           1.10596034869552
7.51          0.296537521854043
7.52          1.00940717697144
7.53          0.694575032964349
7.54          0.593506458587944
7.55          6.02741770260036E-02
7.56          0.754686602577567
7.57          0.558948354274035
7.58          0.387553563080728
7.59          3.21966857160442E-02
7.6           0.232494156528264
7.61          0.407917441762984
7.62          0.479610299058259
7.63          0.509334327466786
7.64          0.322140944302082
7.65          0.76638673491776
7.66          0.558156750909984
7.67          0.186848580166698
7.68          4.44069442246109E-02
7.69          -6.78859224775806E-02
7.7           -0.252668165154755
7.71          0.103104922045022
7.72          0.46481903616339
7.73          0.209899930525571
7.74          -1.01744795730338E-02
7.75          -0.191650222297758
7.76          -0.399943959228694
7.77          -0.253340083323419
7.78          -0.144464845648035
7.79          -0.617067923694849
7.8           -1.13024668581784
7.81          -1.25008383572102
7.82          -1.30150629669428
7.83          -1.26443392619491
7.84          -1.04648086309433
7.85          -0.712882665172219
7.86          -0.379640306867659
7.87          1.81445140202413E-03
7.88          0.137787014739588
7.89          0.354015797898173
7.9           0.512780347466469
7.91          0.285422622710466
7.92          0.325443561337888
7.93          0.112880224082619
7.94          -0.126161352172494
7.95          0.533187970630825
7.96          0.457706885039806
7.97          0.813154519870877
7.98          1.19554137356579
7.99          1.2473163485527
8             0.99509436249733
8.01          0.997869524136186
8.02          0.746578634083271
8.03          0.264692690055817
8.04          4.08700685435906E-02
8.05          -3.42923620669171E-02
8.059999      -0.160258147716522
8.07          0.318074388541281
8.08          0.480830393694341
8.09          1.07816845960915
8.099999      1.04700857430697
8.11          0.871522669047117
8.12          0.468771132677794
8.13          0.529523374401033
8.139999      0.528647717311978
8.15          0.731755650043488
8.16          0.103352816579863
8.17          -0.423938849195838
8.179999      -0.348590312674642
8.19          -0.159883871097118
8.2           8.94056266732514E-02
8.21          0.291989685427398
8.22          -0.345840732604265
8.23          -0.266742267049849
8.24          0.242063673119992
8.25          0.319099478535354
8.26          0.693600302115083
8.27          1.04046824432909
8.28          1.42844364747405
8.29          1.19122875966132
8.3           0.461825188659132
8.309999      7.14039180474356E-02
8.32          -0.470358249731362
8.33          -0.326021960601211
8.34          -0.134206664096564
8.349999      -0.103737371508032
8.36          4.23557638144121E-02
8.37          0.227313359007239
8.38          0.104697365546599
8.389999      -0.254832950569689
8.4           4.31958899321035E-02
8.41          -0.107048202054575
8.42          -0.860117821097374
8.429999      -0.937585900202394
8.44          -0.754558256193996
8.45          -0.571937030218542
8.46          -0.122067615995184
8.47          -9.86426376923919E-02
8.48          -0.164761216398329
8.49          -0.391769076660275
8.5           -0.217561975736171
8.51          -0.354872122630477
8.52          -0.581349402889609
8.53          -0.772186003401875
8.54          -0.665097537785769
8.55          -0.360947014242411
8.559999      -0.263149244394153
8.57          -0.601182025484741
8.58          -0.269165718667209
8.59          -0.341220957152545
8.599999      -0.41758844409138
8.61          -0.182231874503195
8.62          -0.332978539243341
8.63          -0.435025352798402
8.639999      7.92583869025111E-02
8.65          0.150444199237973
8.66          0.415542649514973
8.67          -9.41238123632502E-03
8.679999      -1.39515547617339E-02
8.69          0.127403328185901
8.7           -0.406997820921242
8.71          -0.691511895954609
8.72          -0.675107678622007
8.73          -0.705078898072243
8.74          -0.713738478273153
8.75          -0.585165734365583
8.76          -0.671557322368026
8.77          -0.325485040023923
8.78          -0.287167943492532
8.79          -0.690996098443866
8.8           -0.576498479694128
8.809999      -0.13146428341046
8.82          -0.18896561941132
8.83          -0.499876931235194
8.84          -0.333613948859274
8.849999      -0.413553207479417
8.86          -0.250285242050886
8.87          -0.732268523946405
8.88          -0.751496288627386
8.889999      -1.32716753348708
8.9           -1.47803446814418
8.91          -1.78131887286901
8.92          -1.37757506400347
8.929999      -0.803408527001739
8.94          -0.38344388410449
8.95          -0.126128571219742
8.96          -0.628727490976453
8.97          -0.242782716192305
8.98          0.451555943079293
8.99          0.729309175014496
9             0.900335847437382
9.01          1.23975911468267
9.02          0.914888178482652
9.03          1.20719662852585
9.04          1.02660040296614
9.05          1.07812321677804
9.059999      0.873310382142663
9.07          0.904291708096862
9.08          1.00092279396951
9.09          0.930566829442978
9.099999      0.927162141948938
9.11          0.73842549584806
9.12          0.935563933029771
9.13          0.866830278486013
9.139999      0.569339989386499
9.15          0.477690511979163
9.16          0.797918576225638
9.17          0.503477573543787
9.179999      0.221585335191339
9.19          0.053449297780171
9.2           -0.347108372412622
9.21          -0.677224224507809
9.22          -1.35645857557654
9.23          -1.47742299556732
9.24          -1.69426654949784
9.25          -1.41687361568213
9.26          -1.58296947732568
9.27          -1.75835203304887
9.28          -1.44715064451098
9.29          -0.714540277719498
9.3           -0.39598565004766
9.309999      0.233059746734798
9.32          0.827053278386593
9.33          0.579227192513645
9.34          0.369510627016425
9.349999      0.334915137067437
9.36          0.240553684495389
9.37          4.71840336173773E-02
9.38          0.131819218536839
9.389999      0.215290844086558
9.4           0.309552510268986
9.41          1.12326028637588
9.42          0.806954717114568
9.429999      0.787356165871024
9.44          1.11968493327498
9.45          0.509064770825207
9.46          6.04756592866033E-02
9.469999      4.62632570369169E-02
9.48          -0.254767352119088
9.49          9.34012666717172E-02
9.5           0.603576204478741
9.51          0.41397446282208
9.52          0.877595075592399
9.53          0.878566882833839
9.54          0.825648777186871
9.55          1.36999107912183
9.559999      0.915667393058539
9.57          0.400174083709717
9.58          0.648048445656896
9.59          0.706147038191557
9.599999      0.900398120284081
9.61          0.712770252451301
9.62          0.52677054181695
9.63          0.640419802665711
9.639999      0.524266983345151
9.65          0.134325326029211
9.66          0.570817324966192
9.67          0.553491586446762
9.679999      0.598950801081955
9.69          -0.084942282512784
9.7           -0.195384089760482
9.71          -0.164673690889031
9.719999      -0.462958232872188
9.73          -0.924394581690431
9.74          -1.41779455214739
9.75          -1.28624564856291
9.76          -1.31728837028146
9.77          -1.33505776628852
9.78          -0.955317216217518
9.79          -1.39356573700905
9.8           -0.972941382005811
9.809999      -0.522481645680964
9.82          -0.371886570006609
9.83          -0.224385804310441
9.84          -0.399232755079866
9.849999      -0.576240215487778
9.86          -0.605167451128364
9.87          -0.292076078038663
9.88          -0.413238408006728
9.889999      -0.488077761679888
9.9           1.41489062842447E-02
9.91          -0.717511467263103
9.92          -0.351354803144932
9.929999      -0.443582095094025
9.94          -0.706163191124797
9.95          -0.78754685819149
9.96          -0.632448001205921
9.969999      4.32997054187581E-02
9.98          0.126052255919203
9.99          0.570815278440714
10            0.734121725857258
10.01         1.10705209694803
10.02         0.941117033734918
10.03         1.49978377148509
10.04         1.22972573116422
10.05         1.22351277217269
10.06         0.703022505417466
10.07         0.106629322143272
10.08         -0.189829490706325
10.09         -0.440365834124386
10.1          -0.687086796239018
10.11         -0.281634759865701
10.12         -0.29892720580101
10.13         -0.478777143917978
10.14         0.163636504467577
10.15         -0.121029388038442
10.16         -0.464913834147155
10.17         -0.183306172471494
10.18         0.354248553626239
10.19         9.60935440286994E-02
10.2          0.539525621496141
10.21         0.316781386435032
10.22         0.386835196092725
10.23         -0.194449083432555
10.24         9.02869208436459E-02
10.25         6.71221527736634E-02
10.26         -3.52064251987031E-03
10.27         -0.483285639546812
10.28         -0.491054944619536
10.29         -0.594358142092824
10.3          -0.067298761527054
10.31         0.453914015516639
10.32         0.641027840003371
10.33         6.93536969460547E-02
10.34         0.25756142584607
10.35         0.258602796681225
10.36         0.358458256535232
10.37         0.545740042291582
10.38         0.696050431653857
10.39         1.03325848124921
10.4          0.981991410031915
10.41         1.66292722776532
10.42         1.41716641500592
10.43         0.986692059785128
10.44         0.876833768114448
10.45         0.762442130148411
10.46         0.507398752905428
10.47         0.319771652519703
10.48         -4.10874113766477E-02
10.49         -0.399305516369641
10.5          0.358419445641339
10.51         3.71663051052019E-02
10.52         -0.440749557651579
10.53         -0.173235951494426
10.54         -0.63450015462935
10.55         -0.371874692849815
10.56         0.305335772428662
10.57         -0.210241371374577
10.58         2.70337838726118E-02
10.59         0.560632315836847
10.6          0.229622881282121
10.61         0.617293041497469
10.62         0.64127905100584
10.63         0.212256541159004
10.64         0.18611917655915
10.65         0.292118598259985
10.66         0.357669613324106
10.67         0.544922966994345
10.68         0.924548948183656
10.69         0.539010883793235
10.7          0.494854026809335
10.71         -0.12229901955463
10.72         -0.080162540031597
10.73         -0.175873557385057
10.74         -0.576226913072169
10.75         -0.352394620813429
10.76         -0.22945987187326
10.77         -0.31672455880791
10.78         -0.636363150626421
10.79         -1.2227589198947
10.8          -1.2387542706728
10.81         -1.07175589129329
10.82         -0.584438048377633
10.83         -0.22398589130491
10.84         -0.157935048937798
10.85         -7.28963867237326E-03
10.86         0.196270381473005
10.87         -6.53569742990658E-02
10.88         -0.459254606477916
10.89         -0.66889976285398
10.9          -0.676326457634568
10.91         -1.17076189689338
10.92         -1.46194483101368
10.93         -1.22671368420124
10.94         -1.13439155772328
10.95         -0.645689240321517
10.96         -0.499346186779439
10.97         -0.475108820088208
10.98         -0.305046444889158
10.99         8.91555805457756E-03
11            0.363987091295421
11.01         0.459581758193672
11.02         0.463708869181573
11.03         0.348932484425604
11.04         0.453945078849793
11.05         0.285714508406818
11.06         -6.60446753818542E-02
11.07         -7.12341432273388E-02
11.08         -2.67633227398619E-02
11.09         -2.63623933237977E-02
11.1          -1.24660490686074E-02
11.11         -9.51586930174381E-02
11.12         -0.477782349810004
11.13         -0.34717755228281
11.14         -0.578979160934687
11.15         -0.517902983464301
11.16         -0.705326966196299
11.17         -0.774129179343581
11.18         -4.63761768210679E-02
11.19         2.66652973671444E-02
11.2          6.75486843148247E-02
11.21         0.249424842540175
11.22         0.484179094098508
11.23         0.693737565502524
11.24         1.01204061672091
11.25         1.17061133109033
11.26         0.730170689150691
11.27         0.795119514092803
11.28         1.06489922694862
11.29         1.04633716776967
11.3          0.601683387681842
11.31         0.679845896735787
11.32         0.189229347109795
11.33         0.225794142745435
11.34         1.64079529268201E-02
11.35         -0.185054873675108
11.36         -0.310310565233231
11.37         0.121193959750235
11.38         0.441191424429417
11.39         1.55723115778528E-03
11.4          -0.206371026244015
11.41         -0.817050665840507
11.42         -0.613398284241557
11.43         -0.667010600566864
11.44         -1.07746818244457
11.45         -1.04233431011438
11.46         -0.102042848411947
11.47         9.61448990274221E-02
11.48         0.109339104602113
11.49         -7.83923685830086E-02
11.5          0.119883004864678
11.51         0.238836759254336
11.52         0.584719299450517
11.53         0.444092045389116
11.54         0.793344518691301
11.55         0.769025656431913
11.56         0.884306144267321
11.57         0.705740656703711
11.58         0.539934524595737
11.59         0.686846110224724
11.6          0.419048238024116
11.61         0.413003021031618
11.62         0.618193001076579
11.63         0.417832967340946
11.64         0.5649200790748
11.65         0.694941872656345
11.66         0.819750398397446
11.67         0.816102393642068
11.68         0.609754628352821
11.69         0.625608293786645
11.7          0.366847622282803
11.71         0.818861548528075
11.72         0.808157050833106
11.73         1.02186386592686
11.74         0.919466548338532
11.75         0.942243719100952
11.76         0.615963896289468
11.77         0.753635273203254
11.78         0.557700302638114
11.79         0.395537643693388
11.8          -0.131984987100586
11.81         -0.118084748508409
11.82         -0.463078173883259
11.83         -0.608647786974907
11.84         -0.922720743119717
11.85         -0.980001310184598
11.86         -0.226723776943982
11.87         -0.225759808626026
11.88         -0.174345771297812
11.89         -0.217288782857358
11.9          -0.191329465974122
11.91         -0.741805551946163
11.92         -0.994396058768034
11.93         -1.64196846798062
11.94         -1.70295799702406
11.95         -1.8070998314023
11.96         -1.5062526923418
11.97         -1.37061833918095
11.98         -1.06150133684278
11.99         -1.06661611564457
12            -1.65118192568421
12.01         -1.48445061787963
12.02         -0.849217587858438
12.03         -0.435752490609884
12.04         -9.58826331328601E-02
12.05         -0.108289931388572
12.06         0.237383835799992
12.07         0.83772634729743
12.08         0.361634683348239
12.09         2.06564724398777E-02
12.1          0.147440402330831
12.11         -0.14427069067955
12.12         -0.626381368786097
12.13         -0.971514880657196
12.14         -0.98552707515657
12.15         -0.706587333530188
12.16         -5.36193695291877E-02
12.17         -0.182191035356373
12.18         2.15434585092589E-02
12.19         -0.115354857109487
12.2          -3.93238454544917E-02
12.21         0.340870855115354
12.22         0.497382947579026
12.23         0.641284094229341
12.24         0.279394179917872
12.25         0.536824902221561
12.26         0.53600906945765
12.27         0.387984539419413
12.28         0.198404925819486
12.29         0.396347592696548
12.3          0.164750874135643
12.31         0.32907720386982
12.32         0.118904729140922
12.33         0.184814297296107
12.34         -2.28183456673287E-02
12.35         0.444412618987262
12.36         0.839503023773432
12.37         0.678288856297731
12.38         0.840968993827701
12.39         0.588712143748999
12.4          9.34643435105681E-02
12.41         0.177696207594126
12.42         -0.577675195299089
12.43         -1.04660021938384
12.44         -0.689318093731999
12.45         -1.0452530939877
12.46         -1.47913798391819
12.47         -0.975198334157467
12.48         -1.05264485165477
12.49         -1.2427568359673
12.5          -0.836562093570828
12.51         -0.833152435943484
12.52         -0.901619384363294
12.53         -0.53074456539005
12.54         -0.356614337079227
12.55         -0.469956728741527
12.56         -0.431573339402676
12.57         -0.579409442916513
12.58         6.75611598975956E-02
12.59         0.596657413467765
12.6          0.66875540971756
12.61         0.816956525668502
12.62         0.805588295906782
12.63         0.579234976619482
12.64         0.556861336827278
12.65         0.3431414385885
12.66         0.401273579522967
12.67         0.537603751346469
12.68         5.95579159492627E-02
12.69         0.616206775009632
12.7          0.929374362900853
12.71         0.536328839063644
12.72         0.400670073777437
12.73         0.191263904068619
12.74         -0.263476871196181
12.75         -8.56427241303027E-02
12.76         -0.284254367295653
12.77         -0.548259790241718
12.78         -0.370252163596451
12.79         -0.454231628961861
12.8          -0.405277131535113
12.81         -0.65809483923018
12.82         -0.885323925241828
12.83         -0.823677973151207
12.84         -0.57482032880187
12.85         -0.650200732648373
12.86         -1.15146981284022
12.87         -0.792973878309131
12.88         -0.563330842405558
12.89         -0.764777069538832
12.9          -1.15936567358673
12.91         -0.968390640243888
12.92         -0.836446684151888
12.93         -0.387278378494084
12.94         -0.691402041390538
12.95         -0.706430262699723
12.96         -0.438245049007237
12.97         -0.572403930388391
12.98         -0.22063825070858
12.99         -0.39989524461329
13            -0.48074275854975
13.01         -0.363910967856646
13.02         0.05100575549528
13.03         0.292053365260363
13.04         0.639694455564022
13.05         0.590621588565409
13.06         0.460774626731873
13.07         0.291531007904559
13.08         0.249092044606805
13.09         0.337449722327292
13.1          0.223086150996387
13.11         0.320053232498467
13.12         0.523795624673367
13.13         0.536879390962422
13.14         0.258333532400429
13.15         0.180173837319016
13.16         -5.43712300993502E-02
13.17         -0.506688243113458
13.18         6.13553591771051E-02
13.19         -0.236281434651464
13.2          -0.533869719430804
13.21         7.23075766756665E-03
13.22         0.110174150951207
13.23         0.584557623937726
13.24         0.898652872592211
13.25         1.17827571518719
13.26         1.53362116992474
13.27         1.65910768032074
13.28         1.57795826733112
13.29         1.30148802414536
13.3          1.57078373372555
13.31         1.62517570316792
13.32         1.70821420535445
13.33         2.01328288793564
13.34         1.80334840402007
13.35         1.80891846165061
13.36         1.03348623029888
13.37         0.873640676736832
13.38         0.831688146963716
13.39         0.711412236616015
13.4          0.43182630456984
13.41         0.265211794897914
13.42         0.235846949983388
13.43         -4.53326635295525E-02
13.44         -0.11430241310969
13.45         -0.132967227967456
13.46         -8.33475914876908E-02
13.47         8.92148247174919E-02
13.48         5.52688325196505E-02
13.49         0.197701195143163
13.5          -9.71740455273539E-02
13.51         -0.194094614256173
13.52         -0.42650932174176
13.53         -0.523191351480782
13.54         -0.295303010176867
13.55         -0.482807008400559
13.56         -0.273769615273923
13.57         -0.384317860119045
13.58         -0.230630319993943
13.59         -0.192422895301133
13.6          0.432108067274094
13.61         0.129142646435648
13.62         0.253641306292266
13.63         0.430348676629364
13.64         0.525403645522893
13.65         0.74308126822114
13.66         0.78021072216332
13.67         0.539435830190778
13.68         0.160396215096116
13.69         -8.02738929446787E-02
13.7          -0.107187722101808
13.71         0.280160055533052
13.72         0.330542004480958
13.73         6.09205775801092E-02
13.74         -8.33982429932803E-02
13.75         -0.135708530573174
13.76         -0.376545850709081
13.77         -0.367511061988771
13.78         -0.964086577892304
13.79         -0.982667567431927
13.8          -0.802354493290186
13.81         -0.634174610897899
13.82         -0.524755518212914
13.83         -0.476775824725628
13.84         -0.187053762618452
13.85         -0.307859814427793
13.86         -0.169032479524612
13.87         -0.300294723361731
13.88         -0.322940953038633
13.89         -0.105640256479383
13.9          -0.388827050104737
13.91         -0.755675293654203
13.92         -0.794776647984982
13.93         -0.670895052105188
13.94         -0.630435681939125
13.95         -0.198674921002239
13.96         -3.65775361703709E-02
13.97         -0.169980422817171
13.98         -0.305858970321715
13.99         -0.198284253906459
14            -0.201943916548044
14.01         0.34125856205821
14.02         0.837470239251852
14.03         1.61770778551698
14.04         1.28461529865861
14.05         1.49498291507363
14.06         1.41245809078217
14.07         1.25476043879986
14.08         1.0825134524703
14.09         1.45285781934857
14.1          0.974019243121147
14.11         1.27393038913608
14.12         1.0920380551368
14.13         1.34758674144745
14.14         1.1300638872385
14.15         1.39831016778946
14.16         1.33019639119506
14.17         1.09225484065712
14.18         0.963908676356077
14.19         0.695349569767714
14.2          0.659949868395925
14.21         0.458721376955509
14.22         4.30141237517819E-02
14.23         -9.05591909587383E-02
14.24         -0.376794065013528
14.25         -0.249443681538105
14.26         -0.50901627548039
14.27         -0.837664512991905
14.28         -0.907284897789359
14.29         -0.671315540000796
14.3          -0.700379490852356
14.31         -0.367556012459099
14.32         -0.330508529171348
14.33         -0.25639311561361
14.34         -0.297918926551938
14.35         -0.355059635527432
14.36         -0.622385089248419
14.37         -0.473010948747397
14.38         -0.823165976330638
14.39         -0.70292653799057
14.4          -0.648054292872548
14.41         -0.933520769700408
14.42         -1.45882958069444
14.43         -1.17763639524579
14.44         -1.39146877929568
14.45         -1.12350681960583
14.46         -1.205397220999
14.47         -1.06258409500122
14.48         -0.759258832857013
14.49         -0.344699502289295
14.5          -0.421165514811873
14.51         -0.3292441053316
14.52         -0.207154827229679
14.53         -0.138406764781103
14.54         -0.23781256461516
14.55         -0.513339779824018
14.56         -0.485889039225876
14.57         -0.580698790512979
14.58         -0.586146129705012
14.59         -0.284370416253805
14.6          -8.79623511247337E-02
14.61         9.21891023218632E-02
14.62         7.64208199409768E-02
14.63         0.318077056333423
14.64         0.209576396774501
14.65         0.127505581369624
14.66         0.191206966806203
14.67         0.294197411332279
14.68         0.606342083662748
14.69         0.653734789788723
14.7          0.475441051572561
14.71         0.339754914008081
14.72         -8.14065260253847E-02
14.73         0.161560980454087
14.74         0.255704167429358
14.75         7.04201148776337E-02
14.76         -0.261728827804327
14.77         7.94625643640757E-02
14.78         -0.058451179638505
14.79         -7.97686386946589E-02
14.8          -0.410152430310845
14.81         -0.359589546583593
14.82         -0.460033930689096
14.83         -0.37870095167309
14.84         -0.342129577919841
14.85         -0.531497759856284
14.86         -0.454068418554962
14.87         -0.382022681795061
14.88         -0.501798691749573
14.89         -0.491537449546158
14.9          -0.205631901640445
14.91         -0.203283477108926
14.92         -0.425806267149746
14.93         -0.693026397898793
14.94         -0.980197776630521
14.95         -0.615686372816563
14.96         -0.713718817010522
14.97         -0.519605765752494
14.98         -0.754841992333531
14.99         -0.718252601847053
15            -0.615298190787435
15.01         -0.510853434093297
15.02         -0.518480724915862
15.03         -0.608920486494899
15.04         -0.582716372273862
15.05         -1.05434039801359
15.06         -0.80208354793489
15.07         -0.931004274263978
15.08         -0.859807991757989
15.09         -0.662863462865353
15.1          -0.365048836022615
15.11         -0.37868867252022
15.12         -0.276809801962227
15.13         -0.662498962059617
15.14         -0.506072056218982
15.15         -0.531322416476905
15.16         -0.115345492428169
15.17         -1.87394308112562E-02
15.18         -7.56141462922096E-02
15.19         -2.15738114970736E-02
15.2          0.212588078286499
15.21         0.221889956854284
15.22         0.494492924697697
15.23         0.585933400690556
15.24         0.812805441096425
15.25         0.949311614111066
15.26         1.01955867424607
15.27         1.15999892704189
15.28         1.22283171772957
15.29         1.24632173717022
15.3          1.01205742746592
15.31         0.687387635484338
15.32         0.694203954041004
15.33         0.538968856930733
15.34         0.498569932356477
15.35         0.710197331383824
15.36         0.593120980896056
15.37         0.706998685151339
15.38         0.996126469150186
15.39         1.07175530657172
15.4          1.18511176809669
15.41         1.07543766371906
15.42         0.633744840547443
15.43         0.483894334696233
15.44         0.414909798055887
15.45         0.140191727858037
15.46         5.39595495723188E-02
15.47         2.77323639742099E-02
15.48         -0.157796798832715
15.49         -0.116552394283935
15.5          -0.021220395276323
15.51         -0.139304760061204
15.52         -0.226891756486148
15.53         -0.129167414875701
15.54         -4.18885804200545E-02
15.55         -0.214064153060317
15.56         -0.127539056679234
15.57         2.94052843493409E-02
15.58         -0.145939531708136
15.59         -0.291351900380105
15.6          -0.850312917530537
15.61         -0.81057253561914
15.62         -0.656202022433281
15.63         -0.583631169162691
15.64         -0.431000275723636
15.65         -0.190547199882567
15.66         -0.272584000937641
15.67         -0.183318707440048
15.68         -0.153754399381578
15.69         9.27461044304073E-02
15.7          -0.106276826402172
15.71         6.48231783276424E-02
15.72         0.037720797022339
15.73         0.224236846491694
15.74         9.16275138035417E-03
15.75         4.84933005762287E-03
15.76         9.59318182663992E-03
15.77         -1.54736078367569E-02
15.78         -0.306873279511929
15.79         -0.342484175004065
15.8          -0.742962131202221
15.81         -0.818451877981424
15.82         -0.475104617401958
15.83         -0.497152932733297
15.84         -0.232524708230048
15.85         -6.81943174218759E-02
15.86         0.149561342764646
15.87         0.317980138733983
15.88         0.151971373194829
15.89         4.06138554308563E-02
15.9          0.334734750464559
15.91         0.170601908750832
15.92         0.160964619275182
15.93         0.187779420353472
15.94         0.127332759601995
15.95         0.36563863735646
15.96         0.582220455296338
15.97         0.432326570414007
15.98         0.550630251467228
15.99         0.437125891931355
16            0.454179040566087
16.01         0.315720518790185
16.02         0.412386943772435
16.03         0.173191366475075
16.04         6.40544567629695E-02
16.05         -0.266506295353174
16.06         -0.407153758853674
16.07         -0.797904762178659
16.08         -0.815348175913096
16.09         -0.855427842512727
16.1          -0.750435969159007
16.11         -0.555593660473824
16.12         -0.490876677632332
16.13         -0.571880568042398
16.14         -0.475883576162159
16.15         -0.291278262007982
16.16         -0.249655771013349
16.17         -0.21670627227053
16.18         -0.156347328890115
16.19         -0.274963653255254
16.2          -2.79412694578059E-02
16.21         0.231126182153821
16.22         0.238430816307664
16.23         0.14104343877174
16.24         0.127065203804523
16.25         -0.14526437016204
16.26         -1.16966594138648E-02
16.27         6.91783352941275E-02
16.28         8.69360368698835E-02
16.29         0.296071718037128
16.3          0.439061722308397
16.31         0.58244049333036
16.32         0.739207268580794
16.33         0.652795580774546
16.34         0.421868715584278
16.35         0.331674573607743
16.36         -9.51273738685995E-02
16.37         -0.179741453994066
16.38         -0.254449738673866
16.39         -0.35510257601738
16.4          -0.367753940708935
16.41         -3.74773883982562E-02
16.42         -0.232986492086202
16.43         -0.122162487069145
16.44         4.06843554927036E-02
16.45         -7.53085379116237E-02
16.46         9.41215705499053E-02
16.47         -2.81369296275079E-02
16.48         -8.39685292448848E-02
16.49         -1.34575107204728E-02
16.5          3.10893464111723E-02
16.51         -0.185921796485782
16.52         -0.203498289193958
16.53         -0.333727567568421
16.54         -0.485784447155893
16.55         -0.478266060724855
16.56         -0.349944345094264
16.57         -0.240292094685137
16.58         -1.58612553938292E-02
16.59         0.138371992120519
16.6          -2.53491462254897E-02
16.61         0.145024716546759
16.62         6.64122825209051E-02
16.63         0.126274349614978
16.64         0.126434225281701
16.65         -0.104550262391567
16.66         -0.237705816384405
16.67         -0.378570156767964
16.68         -0.195569793675095
16.69         -2.14359359792434E-02
16.7          5.38964316202328E-02
16.71         0.188124935980886
16.72         0.116981040872633
16.73         0.287895428482443
16.74         0.481553621180356
16.75         0.509030454978347
16.76         0.410375720858574
16.77         0.49170482609421
16.78         0.511088674888015
16.79         0.333353345766664
16.8          0.429308712780476
16.81         0.423946596756578
16.82         0.48908384822309
16.83         0.595805803053081
16.84         0.306706414595246
16.85         0.317400094941258
16.86         0.367762455716729
16.87         0.551657278351486
16.88         0.19251835109666
16.89         6.00805428251624E-02
16.9          0.133677034266293
16.91         0.282671982832253
16.92         0.152988551175222
16.93         0.158013090994209
16.94         2.16263199504465E-02
16.95         -0.312533603534102
16.96         -0.330217045471072
16.97         -0.214406087268144
16.98         -0.113519251663238
16.99         1.41135925849085E-03
17            2.26102053467184E-02
17.01         6.15733141405508E-02
17.02         0.217983084898442
17.03         0.280457240268588
17.04         0.562468487732112
17.05         0.556059756651521
17.06         0.666307472884655
17.07         0.728350816369057
17.08         0.694954736530781
17.09         0.589741509519517
17.1          0.743751505315304
17.11         0.532823835276067
17.12         0.379702287353575
17.13         0.262484397701919
17.14         0.200095081776381
17.15         0.28440818561241
17.16         0.130229296647012
17.17         0.251156513728201
17.18         0.392940931767225
17.19         0.40930758073926
17.2          0.44382226947695
17.21         0.453568554706872
17.22         0.35423473957926
17.23         5.25552310980856E-02
17.24         3.32572587160394E-02
17.25         8.12868042849004E-02
17.26         8.69666890706867E-02
17.27         -7.05146970169153E-03
17.28         6.06007394520566E-02
17.29         0.144018520368263
17.3          0.274272640272975
17.31         0.303153299186379
17.32         0.137381665650755
17.33         7.77860214561224E-02
17.34         0.182721249908209
17.35         8.16015398036689E-02
17.36         0.108404874857515
17.37         7.55223038932309E-02
17.38         -0.116537721427158
17.39         -7.75910990405828E-02
17.4          -0.170903716441244
17.41         -0.354158798865974
17.42         -0.85005812510848
17.43         -0.885700047388673
17.44         -0.685606573596597
17.45         -0.621006535068154
17.46         -0.735613131299615
17.47         -0.83641182012856
17.48         -0.676050249785185
17.49         -0.423112235628068
17.5          -0.328661649562419
17.51         -0.318984251841903
17.52         -0.206734960600734
17.53         -0.10968651143834
17.54         9.88517830031924E-03
17.55         -9.55843429081142E-02
17.56         -0.116689036404714
17.57         -0.144220039173961
17.58         -3.81962624494918E-02
17.59         -0.023678822836373
17.6          1.80431085114833E-02
17.61         8.96139794122428E-02
17.62         0.055677036694251
17.63         0.114112141057849
17.64         0.151513645844534
17.65         0.223955504056066
17.66         0.316026547439396
17.67         0.385942253172398
17.68         0.506899400688708
17.69         0.453615844063461
17.7          0.249271243494004
17.71         0.180758595429361
17.72         -0.103121422156692
17.73         -0.262132669407874
17.74         -0.380681330524385
17.75         -0.299720490239561
17.76         -0.331611642949283
17.77         -0.292527044545859
17.78         -0.388838123269379
17.79         -0.266810990106314
17.8          -0.212371036950499
17.81         -0.129243355588987
17.82         -7.65760224033147E-02
17.83         -8.4857031935826E-03
17.84         2.45636618812568E-02
17.85         -8.94091441389173E-02
17.86         6.90524420002475E-03
17.87         -3.88883649324998E-02
17.88         -4.62688895501196E-02
17.89         -4.01861087651923E-02
17.9          -4.51571465609595E-02
17.91         -8.03555164206773E-02
17.92         -1.33327633866429E-04
17.93         3.27029837854207E-02
17.94         5.33328239852563E-02
17.95         -6.37066342262551E-02
17.96         -0.157992369923741
17.97         -0.1989254193753
17.98         -0.160405205190182
17.99         -0.305073268990964
18            -0.4378183118999
18.01         -0.434789454191923
18.02         -0.421837177164853
18.03         -0.403161755092442
18.04         -0.185862447246909
18.05         -0.251129543446004
18.06         -0.150055368533358
18.07         -1.58614529657643E-02
18.08         -3.39878523233347E-02
18.09         5.62117782700807E-02
18.1          5.60657075140625E-02
18.11         0.029173138467595
18.12         -8.57253800053149E-02
18.13         -0.138778227427974
18.14         -0.238157458975911
18.15         -0.22243800541386
18.16         -0.182858147844672
18.17         -0.147076431429014
18.18         -0.178048502337188
18.19         -0.240911296550185
18.2          -0.146871322067454
18.21         -0.103915958264843
18.22         -6.67599817179143E-02
18.23         0.057409374830313
18.24         6.72582695586607E-02
18.25         1.37853487988468E-02
18.26         1.81979786418378E-02
18.27         9.5937242929358E-03
18.28         -5.52119180979207E-02
18.29         -0.115772622395307
18.3          -0.232322394568473
18.31         -0.318840483427048
18.32         -0.30399789294228
18.33         -0.323256885409355
18.34         -0.295551608204842
18.35         -0.163687064610422
18.36         -0.168519331533462
18.37         -0.12705035735853
18.38         1.88097801245749E-02
18.39         0.101503013363108
18.4          8.77266169711947E-02
18.41         8.45076516643167E-02
18.42         8.73314000107348E-02
18.43         3.55462837591767E-02
18.44         -7.07964380225167E-02
18.45         -0.148336223177612
18.46         -0.279779748972505
18.47         -0.137246393971145
18.48         -0.146734223132953
18.49         -8.77355431113392E-02
18.5          0.069406303614378
18.51         0.03193628590554
18.52         0.128471075445414
18.53         0.189161409772933
18.54         0.232276274655014
18.55         0.227021235767752
18.56         0.36710475359112
18.57         0.349414477720857
18.58         0.335480197370052
18.59         0.233341143988073
18.6          0.188330611791462
18.61         0.108408255279064
18.62         0.112196657164022
18.63         0.115538258682936
18.64         9.99536839406937E-02
18.65         7.98371059354395E-02
18.66         8.60903833061457E-02
18.67         7.14634363073856E-02
18.68         6.04199828300625E-02
18.69         0.078582987813279
18.7          0.11118501576595
18.71         9.63323936518282E-02
18.72         5.46852073073387E-02
18.73         4.66363870538771E-02
18.74         5.68515870021656E-02
18.75         3.79762084269896E-02
18.76         -1.66150962514803E-02
18.77         -3.88770542247221E-02
18.78         -2.58998420205899E-02
18.79         -4.03314531873912E-02
18.8          -0.074022785439156
18.81         -9.18120208662003E-02
18.82         -0.184818207621574
18.83         -0.16632927518338
18.84         -0.127465016311035
18.85         -0.10657450449653
18.86         -0.139425130477175
18.87         -4.12658839300275E-02
18.88         -1.9496671219531E-03
18.89         0.057609701352194
18.9          8.89876055717468E-02
18.91         0.106986422566697
18.92         7.54810307733715E-02
18.93         0.103228088160977
18.94         0.129735992643982
18.95         0.133090083450079
18.96         0.149151105768979
18.97         0.193445280957967
18.98         0.140211078487337
18.99         0.150066386880353
19            0.159940442908555
19.01         8.12732277810574E-02
19.02         7.22089700074866E-02
19.03         7.21188635006547E-02
19.04         7.72732023708522E-02
19.05         3.71141392621212E-02
19.06         4.49530787346885E-02
19.07         2.85706651210785E-02
19.08         2.55143704671355E-04
19.09         4.38731710938737E-02
19.1          4.22477867547423E-02
19.11         9.95415831450373E-03
19.12         0.078654241617769
19.13         5.26933669997379E-02
19.14         9.60601326730102E-02
19.15         0.150117906332016
19.16         0.169797825235873
19.17         0.148542319256812
19.18         0.160800148062408
19.19         9.25661289598793E-02
19.2          6.56184727465734E-02
19.21         1.96939773461781E-02
19.22         4.16476248856634E-02
19.23         4.99021209497005E-02
19.24         6.60759579855949E-02
19.25         0.109019654765725
19.26         0.15648250920698
19.27         0.166955639887601
19.28         0.164029510449618
19.29         0.130443807234988
19.3          0.110123892305419
19.31         0.119294674471021
19.32         4.98098263051361E-02
19.33         2.49362368695438E-02
19.34         -2.28082523681223E-02
19.35         -1.65723259246442E-02
19.36         -8.8403128401842E-03
19.37         -2.32329772110097E-02
19.38         -4.58709499798715E-02
19.39         -4.51196056092158E-02
19.4          -0.103774026241153
19.41         -0.121535144783556
19.42         -0.111995403310284
19.43         -9.78380516823381E-02
19.44         -7.24169390229508E-02
19.45         -6.54393332451582E-02
19.46         -7.54589255573228E-02
19.47         -6.13325458997861E-02
19.48         -3.70951312431134E-02
19.49         -0.059801114439033
19.5          -7.28990191128105E-02
19.51         -7.37841687910259E-02
19.52         -0.067527218637988
19.53         -4.91044328268617E-02
19.54         -4.49411513283849E-02
19.55         -0.066764152427204
19.56         -7.40884067304432E-02
19.57         -7.03152806963772E-02
19.58         -6.26381423603743E-02
19.59         -4.52407800173387E-02
19.6          -4.48497017892078E-02
19.61         -3.81095158075914E-02
19.62         -4.44427310116589E-02
19.63         -3.51075552916154E-02
19.64         -3.46287528402172E-02
19.65         -2.35770264663734E-02
19.66         -1.43141963356175E-02
19.67         -2.67418696254026E-03
19.68         9.46082543941884E-05
19.69         -1.37534015311394E-02
19.7          -4.26061753928661E-02
19.71         -3.42967863078229E-02
19.72         -2.27446182165295E-02
19.73         -2.50490287458524E-02
19.74         -9.13231673708651E-03
19.75         -7.67708865751047E-03
19.76         -1.45850263454486E-02
19.77         -0.013332484230632
19.78         -1.32933798339218E-02
19.79         -0.00211609478225
19.8          9.97403542161919E-03
19.81         7.6811828505015E-03
19.82         7.79094662284479E-03
19.83         1.13065736135468E-02
19.84         0.015556631446816
19.85         8.08125688286964E-03
19.86         -4.22785989831027E-04
19.87         1.27014999976382E-03
19.88         7.10621768434066E-03
19.89         2.46946389408549E-03
19.9          4.23591445214697E-04
19.91         5.30031883448828E-03
19.92         5.86684836423956E-03
19.93         5.18055769382045E-03
19.94         9.39511824573856E-03
19.95         7.30467526707798E-03
19.96         6.49552682996728E-03
19.97         5.43773182842415E-03
19.98         3.56163270073012E-03
19.99         4.13404399267165E-03
20            3.96726016042521E-03
