Horizontal-Spectrum-NTC - Comune Mercato San Severino (SA) - SLV q=1 VR=50 Suolo=C Topo=T1 h/H=1 (7)
Time (s)      Acc. (m/s^2)
0             2.78356906701811E-02
0.01          0.026639969330281
0.02          2.29865147871897E-02
0.03          1.76050081627909E-02
0.04          1.32825841836166E-02
0.05          4.72597322193906E-03
0.06          6.36415462649893E-03
0.07          2.53162670577876E-02
0.08          3.13729158136994E-02
0.09          4.34860031912103E-02
9.999999E-02  2.42251035268418E-02
0.11          3.77237114938907E-02
0.12          4.07396664982662E-02
0.13          1.76305314875208E-02
0.14          3.76048508472741E-02
0.15          1.85925583471544E-03
0.16          2.05006281542592E-02
0.17          2.45030198595487E-02
0.18          4.31302732089534E-02
0.19          7.85652817133814E-02
0.2           0.120090992152691
0.21          9.59044140111655E-02
0.22          4.36488024657592E-02
0.23          4.22004562849179E-02
0.24          5.37966772075743E-02
0.25          2.80011417483911E-02
0.26          -3.37364289024845E-02
0.27          -1.78199184627738E-02
0.28          -4.28232258651406E-02
0.29          -6.87212794600055E-02
0.3           -0.119402674371377
0.31          -0.149082492347807
0.32          -0.194275676943362
0.33          -0.231733561679721
0.34          -0.26651360437274
0.35          -0.289015499185771
0.36          -0.19183172352612
0.37          -0.081096303826198
0.38          8.44753366615623E-02
0.39          0.143744962038472
0.4           0.176986958608031
0.41          0.258169536273927
0.42          0.256931351814419
0.43          0.369993241578341
0.44          0.398226449266076
0.45          0.386803328767419
0.46          0.327372740507126
0.47          0.323588532172143
0.48          0.321879573762417
0.49          0.245763846002519
0.5           0.240626445785165
0.51          0.198673696741462
0.52          6.79895232617855E-02
0.53          5.82429411029443E-02
0.54          -7.31537898362149E-03
0.55          -0.116433412581682
0.56          -8.08754892088473E-02
0.57          -6.40143576543778E-02
0.58          -3.30513088172302E-02
0.59          -8.60146321705543E-03
0.6           -7.85302806459367E-02
0.61          -0.192453483548015
0.62          -0.342219296135008
0.63          -0.401562285795808
0.64          -0.297470627836883
0.65          -0.292861779369414
0.66          -0.402444338276982
0.67          -0.375160060599446
0.68          -0.315175594836474
0.69          -0.312117245234549
0.7           -0.177862834967673
0.71          5.31950443983078E-02
0.72          8.69169877376407E-02
0.73          0.219131971411407
0.74          0.322796965353191
0.75          0.349008790589869
0.76          0.223625976908952
0.77          0.20788079559803
0.78          0.180103890001774
0.79          0.150337304826826
0.8           0.22728238703683
0.81          0.065880391462706
0.82          0.108430657424033
0.83          -0.11763718069531
0.84          -0.468827083222568
0.85          -0.771611075922847
0.86          -0.828304947987199
0.87          -0.672552737742662
0.88          -0.659995915219188
0.89          -0.705395232439041
0.9           -0.511777915433049
0.91          -0.543152430094779
0.92          -0.283368514124304
0.93          -0.125992751363665
0.94          0.240099045205861
0.95          0.337448735609651
0.96          0.119327217880636
0.97          0.148264476014301
0.98          -0.104813131280243
0.9899999     -9.65721751749516E-02
1             0.237145982030779
1.01          4.62119157426059E-02
1.02          -0.20773828798905
1.03          -0.335531470142305
1.04          -0.283597980793566
1.05          -0.417792438827455
1.06          -0.677589821666479
1.07          -0.533594132848084
1.08          -0.146302625527605
1.09          8.26674780808389E-03
1.1           4.83835213864222E-02
1.11          0.168166050072759
1.12          0.28446994682774
1.13          0.379741207882762
1.14          0.121210542088375
1.15          0.129793176585808
1.16          -1.12641413288657E-02
1.17          -4.32450111117214E-02
1.18          -0.12770896397531
1.19          -1.00475630164146E-02
1.2           -0.173050887119025
1.21          -4.80399186664727E-03
1.22          3.83151824818924E-03
1.23          -0.148379200212657
1.24          -0.174578033667058
1.25          -6.32399784517474E-03
1.26          -0.206788754984736
1.27          -0.1165731884446
1.28          -0.141188047723845
1.29          0.179265490639955
1.3           0.441519599407911
1.31          0.600831813812256
1.32          0.86240590967238
1.33          0.826573733612895
1.34          0.984438689053059
1.35          0.883395732790232
1.36          1.01036246582866
1.37          0.853908955156803
1.38          0.341930260956287
1.39          0.157079857103527
1.4           1.31718628155068E-02
1.41          -0.106424642186612
1.42          -4.59275634755613E-03
1.43          2.00914486823604E-02
1.44          -2.88927850336768E-02
1.45          2.41073963348754E-02
1.46          5.98759999126196E-02
1.47          4.14424332976341E-02
1.48          -0.242782515194267
1.49          -0.803760748654604
1.5           -1.07458046190441
1.51          -1.16727586001158
1.52          -1.55293803155422
1.53          -1.45071744605899
1.54          -1.08219755664468
1.55          -0.982870319634676
1.56          -0.884556916728616
1.57          -0.429389294721186
1.58          -0.350448667444289
1.59          1.80614747072104E-02
1.6           0.608363941200078
1.61          0.918876491189003
1.62          1.19376769378781
1.63          1.1154919680208
1.64          1.31326972514391
1.65          1.18926453374326
1.66          0.775774366557598
1.67          1.07040262632072
1.68          0.999047884270549
1.69          0.302382142804563
1.7           -0.243045256175101
1.71          -0.165012537036091
1.72          -0.377619216777384
1.73          -0.295710542835295
1.74          -0.183586126193404
1.75          -4.52569466549903E-02
1.76          6.85980767989531E-02
1.77          -0.177318349555135
1.78          -0.292745109144598
1.79          -0.512354121990502
1.8           -0.118071729317307
1.81          -4.06836337270215E-02
1.82          -4.85708561260253E-02
1.83          0.256493486724794
1.84          0.394490663185716
1.85          0.834387440979481
1.86          0.815289484485984
1.87          0.990670139864087
1.88          0.934140355288982
1.89          0.61161934196949
1.9           0.564066239409149
1.91          0.852820203602314
1.92          0.413011353313923
1.93          0.302486113607883
1.94          0.569411946684122
1.95          0.763752198815346
1.96          1.62616724476218
1.97          1.59074612796307
1.98          1.59125352010131
1.99          0.453879443854094
2             0.040568804461509
2.01          -0.31435713082552
2.02          -0.225254846736789
2.03          0.204957041591406
2.04          0.264354154542089
2.05          0.549440671987832
2.06          0.298651125859469
2.07          0.346208303198218
2.08          0.449868180826306
2.09          0.674367859661579
2.1           0.274363089390099
2.11          0.466255112327635
2.12          0.347572860606015
2.13          2.26224719372112E-03
2.14          0.441358800977468
2.15          0.613631003424525
2.16          0.53751776073128
2.17          0.171731006093323
2.18          1.49387908866629E-02
2.19          -7.01702149305493E-02
2.2           -0.244462822247297
2.21          -0.821000386923552
2.22          -1.12013524197042
2.23          -0.968361111804843
2.24          -0.56672219093889
2.25          -0.640928437337279
2.26          -0.425412237904966
2.27          -0.549989067725837
2.28          -0.365097806453705
2.29          -0.318060099408031
2.3           -0.112611681567505
2.31          -0.222343243975192
2.32          -0.453836612999439
2.33          -0.632723916694522
2.34          -1.07016968786716
2.35          -0.99928981281817
2.36          -1.28335595458746
2.37          -1.12909237235785
2.38          -1.24722805559635
2.39          -1.28095304131508
2.4           -1.12461640186608
2.41          -1.05549083769321
2.42          -0.680302345007658
2.43          -0.148314889976755
2.44          -0.179611536171287
2.45          -6.02350737713277E-02
2.46          0.451510846428573
2.47          0.36995052035898
2.48          0.331466924361885
2.49          0.401285237409174
2.5           0.362816697992384
2.51          0.361736461445689
2.52          0.253385307881981
2.53          0.286273100227118
2.54          0.531576989628375
2.55          0.76214165635407
2.56          0.814696284458041
2.57          0.362824957184494
2.58          0.464982940927148
2.59          0.829050906524062
2.6           0.934741302877665
2.61          1.07611886434257
2.62          0.845908356159926
2.63          1.00598377838731
2.64          0.856253980994225
2.65          0.77027294062078
2.66          0.426213416084647
2.67          6.55093490844593E-02
2.68          0.302955699842423
2.69          9.88863660860807E-02
2.7           0.379825298152864
2.71          0.760625473335385
2.72          0.721379181146622
2.73          0.875271172821522
2.74          0.667481886148453
2.75          0.474452579766512
2.76          0.362007260620594
2.77          0.387081108056009
2.78          0.674112847968936
2.79          0.555996387451887
2.8           0.44807845775038
2.81          0.398653149828315
2.82          0.463720673248172
2.83          7.39713116688654E-02
2.84          8.21501091308892E-02
2.85          -0.120838467311114
2.86          -0.333249886594713
2.87          -1.32567766293883
2.88          -1.76085069447756
2.89          -1.83185840427876
2.9           -1.55945709228516
2.91          -1.86655505105853
2.92          -1.74271760165691
2.93          -1.4706564514339
2.94          -1.66603473052382
2.95          -1.58886902555823
2.96          -1.10431070297956
2.97          -1.09195802137256
2.98          -0.810884557664394
2.99          -0.315702026970685
3             -0.283030197881162
3.01          -0.268835314437747
3.02          -0.214373562131077
3.03          -0.47414337169379
3.04          -3.37650026008487E-02
3.05          3.08193306718022E-02
3.06          -0.327670181058347
3.07          -0.77944956086576
3.08          -0.693826077729464
3.09          -0.699780809059739
3.1           -0.775153538435698
3.11          -0.231407086048275
3.12          -4.62116736313328E-02
3.13          8.95875024888664E-02
3.14          1.07726394559722E-02
3.15          -0.313127790279686
3.16          -0.224868236146867
3.17          -0.48409730616957
3.18          -0.732945996969938
3.19          -1.03644470214844
3.2           -1.13680886976421
3.21          -1.19871071062982
3.22          -1.19936866857111
3.23          -1.23755369111896
3.24          -1.08545211687684
3.25          -0.889782573357225
3.26          -0.988245884254575
3.27          -1.00601696133614
3.28          -1.2203209233284
3.29          -1.15876859977841
3.3           -1.05050900995731
3.31          -0.640726927667856
3.32          -0.266037567928433
3.33          -0.241217270381749
3.34          0.349497946724296
3.35          2.61694534798153E-02
3.36          -0.107438942240551
3.37          0.322882407791913
3.38          0.114885371373966
3.39          0.147443033577874
3.4           4.21576665434986E-02
3.41          -1.0897006563755E-03
3.42          -0.28222936687991
3.43          -4.08621154166758E-02
3.44          0.414669733308256
3.45          0.849853399470449
3.46          0.708973289877176
3.47          0.625135327130556
3.48          1.20190540999174
3.49          1.33008982568979
3.5           1.02774616487324
3.51          0.796520141512156
3.52          0.650218712836504
3.53          0.608012486994267
3.54          0.61320137925446
3.55          0.420982387326658
3.56          0.344223210029304
3.57          -0.031653278383892
3.58          -0.429884626977146
3.59          -0.270190881751478
3.6           -0.437566077634692
3.61          -0.82521688722074
3.62          -0.642943607121706
3.63          -0.595240706205368
3.64          -0.646839387640357
3.65          0.155975135341287
3.66          4.43323237029836E-02
3.67          0.129070643456653
3.68          0.160514712575823
3.69          -0.110481842402369
3.7           0.153991467431188
3.71          0.394548477530479
3.72          7.75736030749977E-02
3.73          -0.055650865836069
3.74          -0.421977619975805
3.75          -0.345479886308312
3.76          -1.70838019775692E-02
3.77          -0.376803384013474
3.78          -0.381591413095593
3.79          -0.380710932053626
3.8           -0.229421481247991
3.81          -8.73229580931366E-02
3.82          -0.238604058343917
3.83          -0.3604357117787
3.84          -0.513864494338632
3.85          -0.158605176396668
3.86          -0.175866522453725
3.87          6.94463342009112E-02
3.88          -0.208008301444352
3.89          8.67316858191043E-02
3.9           0.572418511882424
3.91          0.658895907774568
3.92          1.12521976143122
3.93          0.919395212307572
3.94          0.300412818845361
3.95          -0.112455369047821
3.96          -0.434300188422203
3.97          -0.142576761441305
3.98          0.208772459439933
3.99          -3.43264106777497E-02
4             0.230797659996897
4.01          0.278792976513505
4.02          9.57145805004984E-02
4.03          0.500204156041145
4.04          0.12086082377471
4.05          0.522536828778684
4.06          0.333909196704626
4.07          9.95350050274283E-02
4.08          2.39128553587943E-02
4.09          -3.87012494634837E-02
4.1           0.146306892167777
4.11          0.461358982846141
4.12          0.126201268555596
4.13          0.331081519760191
4.14          0.676357520967722
4.15          0.415202780105174
4.16          0.775042879879475
4.17          1.19386797353625
4.18          1.32227531433105
4.19          1.13643727920949
4.2           0.772540563941002
4.21          0.301321457885206
4.22          0.129433655049652
4.23          0.289634116329253
4.24          0.422980417460203
4.25          0.380627463050187
4.26          0.208344644252211
4.27          -0.044166692183353
4.28          -2.23457370389951E-03
4.29          8.60805344022811E-02
4.3           0.246349901463836
4.31          4.16104722255841E-02
4.32          -0.569200971834362
4.33          -0.444079948961735
4.34          -0.455573638044298
4.35          -0.814525107219815
4.36          -0.195579149220139
4.37          -0.345294748842716
4.38          -0.517355976440013
4.39          -0.125724592572078
4.4           -0.301103137470782
4.41          -0.536185618825257
4.42          -1.40382248416543
4.43          -1.14215790264308
4.44          -0.706796736940742
4.45          -0.632209361717105
4.46          -0.993544631078839
4.47          -1.30207303807139
4.48          -0.93856348156929
4.49          -0.938965843096376
4.5           -0.268107025455683
4.51          -0.371591029800475
4.52          -0.508571740910411
4.53          -0.115526792658493
4.54          -0.338031812645495
4.55          2.52115750598023E-03
4.56          0.254043338913471
4.57          0.411088532991707
4.58          0.49861817188561
4.59          0.344115328900516
4.6           0.551707600951195
4.61          0.284175868425518
4.62          4.42447342397645E-02
4.63          0.143950537350029
4.64          8.60548066534102E-02
4.65          0.720541421324015
4.66          0.620992501750588
4.67          0.865797514021397
4.68          0.537393543943763
4.69          0.558468809500337
4.7           0.466920306198299
4.71          0.555094892978668
4.72          0.950511316582561
4.73          0.526453622728586
4.74          0.925926040560007
4.75          1.13643939882517
4.76          1.17208029784262
4.77          0.790140025243163
4.78          0.863808802887797
4.79          0.850302465632558
4.8           0.252459383010864
4.81          0.332170417495072
4.82          -0.040284565826878
4.83          8.56623305752873E-02
4.84          2.35027074418031E-02
4.85          4.47183358669281E-02
4.86          -0.145504005504772
4.87          -0.34077485114336
4.88          -0.252871977165341
4.89          -0.63013089582324
4.9           -0.586509863063693
4.91          -0.600967725031078
4.92          -4.81685402803123E-02
4.93          0.364155381470919
4.94          0.476196146383882
4.95          0.565909025967121
4.96          0.367320004217327
4.97          -0.314002570286393
4.98          -0.327513621859252
4.99          -0.455671505816281
5             -0.229418374914676
5.01          -0.293595623206347
5.02          -0.537193313352764
5.03          -0.301852933242917
5.04          -0.324125270023942
5.05          0.16207577297464
5.06          0.598427109830082
5.07          0.305198362860829
5.08          9.56172700412572E-02
5.09          0.148580746427178
5.1           4.28892719931901E-02
5.11          0.269784774351865
5.12          4.57249934272841E-02
5.13          9.30118249787484E-03
5.14          3.44453512667678E-02
5.15          0.335734587796032
5.16          2.46023288788274E-02
5.17          0.484571880809963
5.18          0.725461560934782
5.19          0.96391956679523
5.2           1.30008600801229
5.21          1.001082861498
5.22          1.03286759488285
5.23          0.935096813589335
5.24          0.53902509983629
5.25          0.423916995227337
5.26          0.510428780056536
5.27          0.445630338191986
5.28          0.255407585687935
5.29          0.381374408304691
5.3           0.377882962748408
5.31          0.592633798196912
5.32          0.355722782872617
5.33          -0.231461392063648
5.34          -0.538553850799799
5.35          -0.876432429850102
5.36          -1.24600321009755
5.37          -0.765708457902074
5.38          -0.264072464928031
5.39          0.133052853131667
5.4           0.30046617468819
5.41          0.231477197818458
5.42          0.424711741469801
5.43          0.291272414792329
5.44          -0.155145652983338
5.45          -0.351531937234104
5.46          -0.121003998331726
5.47          -0.629665676727891
5.48          -0.246825682092458
5.49          -0.023850230765529
5.5           -0.412886003628373
5.51          -0.590628459043801
5.52          -0.514321783147752
5.53          -0.41862468034029
5.54          -0.635509676411748
5.55          -0.655217424407601
5.56          -1.2289756795764
5.57          -0.962729950770736
5.58          -0.939060641080141
5.59          -0.523513057976961
5.6           -0.251040793675929
5.61          -0.174852779712528
5.62          -1.76529347745236E-02
5.63          -0.139280886976048
5.64          -0.152923912033439
5.65          -0.440752371624112
5.66          -0.600993050783873
5.67          -0.543737590201199
5.68          -0.65076491586864
5.69          -0.851149946451187
5.7           -1.1190907830745
5.71          -0.749324486553669
5.72          -0.401524351984263
5.73          -0.277556674126536
5.74          -5.95895320270211E-02
5.75          -6.84481505351141E-02
5.76          0.459027259424329
5.77          0.300830364860594
5.78          3.41401791432872E-02
5.79          -0.135245321458206
5.8           -0.257337440941483
5.81          5.44802304217592E-02
5.82          0.377744493372738
5.83          0.825731588378549
5.84          0.545538898073137
5.85          0.530109009593725
5.86          0.64546609595418
5.87          9.59403561148792E-02
5.88          0.249900349080563
5.89          0.277711296435446
5.9           0.291152090057731
5.91          0.346332519985735
5.92          0.252864211332053
5.93          0.529954350739718
5.94          0.720244309678674
5.95          0.774430968761444
5.96          1.08744506724179
5.97          0.909882157891989
5.98          0.803660249635577
5.99          0.50347263995558
6             -8.86869947332889E-02
6.01          -0.181912616528571
6.02          -0.363703026250005
6.03          -0.388988725617528
6.04          -0.231970081552863
6.05          -0.243054885808378
6.06          0.318277908191085
6.07          -0.229819201547653
6.08          -0.393665072880685
6.09          -9.46789289731532E-02
6.1           -1.97798657492967E-03
6.11          5.41592685319483E-02
6.12          -0.534155757911503
6.13          -0.360842933803797
6.14          -0.536127475574613
6.15          -1.01093520060182
6.16          -1.2512769600749
6.17          -1.55812918961048
6.18          -1.26901054188609
6.19          -1.08475417859852
6.2           -0.952298737317324
6.21          -0.809132220223546
6.22          -0.80198326818645
6.23          -0.399916660040617
6.24          -0.299524699877948
6.25          -0.416149553954601
6.26          -0.60348754607141
6.27          -0.433750111609697
6.28          -0.453005029298365
6.29          -0.159486388340592
6.3           2.83210621029139E-02
6.31          0.434971302598715
6.32          0.949080137461424
6.33          0.58256869353354
6.34          8.01936764549464E-02
6.35          -1.23363379540388E-02
6.36          0.430055913850665
6.37          0.781822726428509
6.38          0.898222298249602
6.39          0.499725780710578
6.4           0.932595228552818
6.41          1.2861447840929
6.42          0.877766764461994
6.43          0.808094924166799
6.44          0.385871538408101
6.45          0.439810604453087
6.46          0.280390600282699
6.47          0.960186046510935
6.48          1.25686719059944
6.49          1.16326956711709
6.5           1.15476983517408
6.51          1.2952252176404
6.52          1.01826037310064
6.53          0.893618054464459
6.54          0.895336404964328
6.55          0.815224361121655
6.56          1.03567783981562
6.57          0.927611719742417
6.58          1.02921951703727
6.59          0.856796237155795
6.6           0.210919045396149
6.61          -0.107731403522193
6.62          -9.12758768722415E-02
6.63          0.31189311414957
6.64          0.375882045552135
6.65          0.651469286084175
6.66          0.308382372781634
6.67          0.35300989408046
6.68          0.423772678636014
6.69          0.378312842734158
6.7           0.596117861643434
6.71          0.495965180508792
6.72          0.208274532482028
6.73          -0.118756429133937
6.74          -0.245582363046706
6.75          -2.67688593221828E-02
6.76          4.8539530124981E-03
6.77          6.94701022189111E-02
6.78          -0.284652727134526
6.79          -0.219932235963643
6.8           -2.88544309535064E-02
6.81          0.137083896193653
6.82          0.264245030879974
6.83          0.251473451089114
6.84          0.64338368318975
6.85          0.619015338867903
6.86          0.828175797611475
6.87          0.607465004883707
6.88          0.746870044693351
6.89          0.982025031521916
6.9           0.822020360603929
6.91          0.896703410893679
6.92          0.75615688495338
6.93          0.829561514630914
6.94          0.609147723913193
6.95          0.133653389587998
6.96          -0.221984480749816
6.97          -0.170609674584121
6.98          -0.127719269692898
6.99          -9.89152093045414E-02
7             -0.109313550442457
7.01          -0.145394918387756
7.02          6.85470872512087E-02
7.03          0.289991198480129
7.04          0.388453193753958
7.05          0.237852654587477
7.06          -0.220924581550062
7.07          -0.618685336634517
7.08          -1.35134080007672
7.09          -1.37965257972479
7.1           -1.40965098872781
7.11          -1.83596300348639
7.12          -2.01328288793564
7.13          -1.98820988103747
7.14          -1.70684405654669
7.15          -1.26251808598638
7.16          -1.17765159800649
7.17          -0.68779525950551
7.18          -0.544375886879861
7.19          -0.563194273374975
7.2           -0.592289872281253
7.21          -0.297643577512354
7.22          8.83847667742521E-02
7.23          0.181983879469335
7.24          0.484812311008573
7.25          0.3575923204422
7.26          0.119129280494526
7.27          -0.152113670669496
7.28          -0.58157905228436
7.29          -0.749801180809736
7.3           -0.262376187667251
7.31          -0.010326805250952
7.32          -0.348992491476238
7.33          -3.07844415237196E-02
7.34          5.47508331667632E-02
7.35          0.514665197432041
7.36          0.907048962637782
7.37          0.851274053603411
7.38          0.866832617372274
7.39          0.758503226414323
7.4           0.898425562083721
7.41          0.765836146473885
7.42          1.42645530179143
7.43          1.68318768382072
7.44          1.58603020235896
7.45          1.25456733450294
7.46          1.37842729568481
7.47          1.40344987034798
7.48          0.57640792094171
7.49          8.01642850600183E-02
7.5           -8.33311096485704E-02
7.51          -0.200952575951815
7.52          -0.638914217725396
7.53          -0.95794320076704
7.54          -1.04317265465856
7.55          -1.52140268191695
7.56          -1.54151330307126
7.57          -1.49723116949201
7.58          -1.1259233276546
7.59          -0.981841502040625
7.6           -1.02694699667394
7.61          -1.08705666594207
7.62          -0.670673150271177
7.63          -0.758681127950549
7.64          -0.763326375335455
7.65          -0.609290067069233
7.66          -0.398000673651695
7.67          -6.03706241073087E-02
7.68          -0.210867845714092
7.69          0.183707876186818
7.7           0.588973733559251
7.71          0.432088515646756
7.72          0.280515200793743
7.73          -9.06081613898277E-02
7.74          -2.83824966964312E-02
7.75          -0.148738383706659
7.76          -0.251211130376905
7.77          8.36684665828943E-02
7.78          -2.88094005407766E-02
7.79          -0.178099172115326
7.8           -0.603551463447511
7.81          -0.543073273412883
7.82          -0.30068844197318
7.83          -0.48447569411248
7.84          -0.707731999084353
7.85          -0.668121644631028
7.86          -0.640821798741818
7.87          -0.730721131414175
7.88          -0.540801703222096
7.89          -0.531432051770389
7.9           0.198398585245013
7.91          0.497666683718562
7.92          0.488318447694182
7.93          0.484472112692893
7.94          0.808530395552516
7.95          0.727339686602354
7.96          0.93417741201818
7.97          1.39681459620595
7.98          1.06063339076936
7.99          1.12482010424137
8             1.0514732889086
8.01          0.886692539155483
8.02          0.728231679350138
8.03          1.05379879966378
8.04          1.5317811973393
8.05          1.59889319971204
8.059999      1.36122347161174
8.07          1.55964274138212
8.08          1.93528205439448
8.09          1.74019365102053
8.099999      1.6167517657578
8.11          1.43707340687513
8.12          1.05110593758523
8.13          0.692692448794842
8.139999      0.270643913056701
8.15          -0.182723972517997
8.16          -0.462594243697822
8.17          -0.348174283280969
8.179999      -0.180865654293448
8.19          -0.391694268845022
8.2           -0.675271766111255
8.21          -1.14289260528982
8.22          -1.26975591570139
8.23          -0.923988054022193
8.24          -0.880609680712223
8.25          -0.487353730201721
8.26          -0.542511904165149
8.27          -0.648751500248909
8.28          -0.627176590114832
8.29          -0.580541171506047
8.3           -0.162637361492962
8.309999      -0.530360768772662
8.32          -3.94879375118762E-02
8.33          0.610281060487032
8.34          0.46162919729948
8.349999      5.80465979967266E-02
8.36          0.40207574442029
8.37          0.579955243952572
8.38          0.578737268932164
8.389999      0.277103478368372
8.4           0.373995368331671
8.41          0.319690156951547
8.42          6.84206549171358E-02
8.429999      0.301141747366637
8.44          0.325338859632611
8.45          0.205068248324096
8.46          -0.164834982678294
8.47          -0.268809276055545
8.48          -0.644648509025574
8.49          -0.823760418891907
8.5           -0.676847444549203
8.51          -1.14559891596437
8.52          -1.17771438248456
8.53          -1.26233945354819
8.54          -1.09433564543724
8.55          -0.912540082857013
8.559999      -0.622028774544597
8.57          3.33505857596174E-02
8.58          0.64459741897881
8.59          0.583754983954132
8.599999      0.43007265150547
8.61          0.645409524142742
8.62          0.282931379936636
8.63          -2.09272967395373E-02
8.639999      0.122686781315133
8.65          -0.533032544329762
8.66          -0.737239241972566
8.67          -0.304323747307062
8.679999      -0.424110062979162
8.69          -0.572556652352214
8.7           -0.813685666322708
8.71          -1.16855873912573
8.72          -1.06656327143312
8.73          -0.830936487391591
8.74          -0.659575573503971
8.75          -0.664179963469505
8.76          -0.710534934997559
8.77          -0.51100093010813
8.78          -0.502143056206405
8.79          -0.228130580484867
8.8           -0.464377790652216
8.809999      -6.19706096034497E-02
8.82          -5.25969701679423E-02
8.83          0.405690273866057
8.84          0.742132922932506
8.849999      0.305025669001043
8.86          0.677332105636597
8.87          0.606434286944568
8.88          0.424904699586332
8.889999      0.793454665616155
8.9           0.837416225597262
8.91          0.74295979231596
8.92          0.722759781852365
8.929999      0.259826363101602
8.94          -7.70808518165723E-03
8.95          -0.433283028714359
8.96          -0.278746984507889
8.97          -0.566084478981793
8.98          -1.01323827266693
8.99          -0.806074491888285
9             -1.09982479222119
9.01          -0.663953968584538
9.02          -0.653085602670908
9.03          -0.77603310585022
9.04          -0.402574950456619
9.05          0.233969500400126
9.059999      -7.92924560699612E-02
9.07          -0.320599289350212
9.08          -0.113780640475452
9.09          -0.539879524223506
9.099999      -0.490242108553648
9.11          -0.815518622249365
9.12          -1.03492764204741
9.13          -0.868087283670902
9.139999      -0.616955949515104
9.15          -0.761903820857406
9.16          -0.521816378720105
9.17          -0.750860184654593
9.179999      -0.808566209748387
9.19          -0.320753509663045
9.2           -0.420204232558608
9.21          -0.368310997635126
9.22          -0.491814095936716
9.23          -0.954882695004344
9.24          -0.920069542452693
9.25          -0.512252234257758
9.26          -0.38749330021441
9.27          9.69540257658809E-02
9.28          -0.106347331032157
9.29          0.127767454404384
9.3           0.975798112303019
9.309999      0.283511880543083
9.32          1.23538525119424
9.33          0.887751469910145
9.34          0.816782205551863
9.349999      0.510212104171515
9.36          0.148700669165701
9.37          0.209233548939228
9.38          -0.228303950428963
9.389999      -0.346819593049586
9.4           -0.281048156227917
9.41          0.117441965918988
9.42          0.030741765985731
9.429999      -0.309111191667616
9.44          -0.164858864899725
9.45          -5.90828844951466E-02
9.46          0.792408306375146
9.469999      1.00887931957841
9.48          1.22136106990278
9.49          1.72826284602284
9.5           1.48696725949645
9.51          1.36039258226752
9.52          0.749724655374885
9.53          0.394796107113361
9.54          0.382117516323924
9.55          7.20541375642642E-02
9.559999      -0.203362962696701
9.57          -0.442940618991852
9.58          -0.29573890183121
9.59          -0.267435637190938
9.599999      -0.238251251969486
9.61          -0.295831507109106
9.62          -0.270856039077044
9.63          -0.433008538484573
9.639999      -0.847507058009505
9.65          -0.909990477561951
9.66          -1.0448830383271
9.67          -0.646604768112302
9.679999      -0.220179755911231
9.69          -0.18783127784729
9.7           -5.44232520461082E-02
9.71          0.355965442322195
9.719999      0.373150664940476
9.73          0.281892676893622
9.74          0.171274868454784
9.75          0.137133871614933
9.76          0.468439961001277
9.77          0.621723476797342
9.78          0.608255329169333
9.79          0.442639450840652
9.8           0.517971322797239
9.809999      0.241796382274479
9.82          0.228924303464592
9.83          6.90329117860529E-04
9.84          0.585453417375684
9.849999      0.978109078109264
9.86          0.561346078142524
9.87          0.23102407515049
9.88          -0.303646109830588
9.889999      -0.629295109435916
9.9           -1.0076798363775
9.91          -1.58712275460362
9.92          -1.10462199412286
9.929999      -0.494013160653412
9.94          -0.507706389538944
9.95          -0.224870995301753
9.96          8.62946704030037E-02
9.969999      0.331047350093722
9.98          0.211582393739373
9.99          0.443596968948841
10            0.264598860517144
10.01         0.582019895799458
10.02         0.42964832637459
10.03         0.400014308542013
10.04         0.770155484676361
10.05         0.534300111047924
10.06         0.910482813119888
10.07         0.765853176489472
10.08         0.29700462302193
10.09         4.94652380095795E-02
10.1          -0.292978540956974
10.11         -0.716280993819237
10.12         -0.942673854902387
10.13         -0.74914680428803
10.14         -0.71312342427671
10.15         -0.6619844070822
10.16         -0.489965242892504
10.17         -0.439717779904604
10.18         -0.409899757504463
10.19         -0.617992807030678
10.2          -0.622230649664998
10.21         -0.614535713866353
10.22         -1.13239371031523
10.23         -1.35691231951118
10.24         -1.33964256808162
10.25         -0.957071380913258
10.26         -1.08990067854524
10.27         -1.31427486151457
10.28         -1.84560886278749
10.29         -1.80062287062407
10.3          -1.82678433671594
10.31         -1.37411512032151
10.32         -0.94298456132412
10.33         -0.981547387093306
10.34         -0.695321576222777
10.35         -0.175289676357061
10.36         0.44793779566884
10.37         0.634838269874454
10.38         0.942319148182869
10.39         0.879147584438324
10.4          0.861877686828375
10.41         0.956024948582053
10.42         0.821121497377753
10.43         1.17672276780009
10.44         1.61561682119966
10.45         1.11626687027514
10.46         1.04491819471121
10.47         0.725298789069057
10.48         0.971269955411553
10.49         0.592003175988793
10.5          0.277998869810253
10.51         0.792030064612627
10.52         0.897559662535787
10.53         0.783340298160911
10.54         0.506959480829537
10.55         0.600110413581133
10.56         0.340774412602186
10.57         0.353334378004074
10.58         0.292953982651234
10.59         0.271551583651453
10.6          0.584305133856833
10.61         0.297493066526949
10.62         0.37487566664815
10.63         0.450884975083172
10.64         -0.132942916341126
10.65         0.234301951155066
10.66         0.502843369916081
10.67         0.212733472958207
10.68         -0.21202577713877
10.69         -0.331700118631125
10.7          -0.14572233505547
10.71         -0.332008266896009
10.72         -0.305031589306891
10.73         -0.381989535391331
10.74         -8.48613351210952E-02
10.75         -0.220763490758836
10.76         -0.176815288010985
10.77         -0.43226173941046
10.78         -0.825612816810608
10.79         -1.05346733562648
10.8          -1.07031184829772
10.81         -0.71262692257762
10.82         -0.459545797817409
10.83         0.225750781986862
10.84         0.108229092936963
10.85         0.508321882076561
10.86         0.476478237994015
10.87         0.701328786313534
10.88         0.425304247140884
10.89         0.209533748645335
10.9          0.227690540961921
10.91         -0.29380471598357
10.92         -0.195408812519163
10.93         -0.47308038443327
10.94         -0.432465295605362
10.95         -0.751826510131359
10.96         -0.564825244545937
10.97         -0.228982757348567
10.98         -0.665076341629028
10.99         -0.364178953059018
11            -0.518906584940851
11.01         -1.0111087167263
11.02         -0.677688931971788
11.03         -0.833921344801784
11.04         -1.38505087539554
11.05         -1.20523846909404
11.06         -1.53277917087078
11.07         -1.28026263132691
11.08         -1.06836465239525
11.09         -0.808200027868152
11.1          -0.202285613212734
11.11         -0.159593045208603
11.12         -0.295709318574518
11.13         -0.482748938240111
11.14         -0.817780398353934
11.15         -1.04709854833782
11.16         -1.31048338070512
11.17         -0.874735640957952
11.18         -0.802790549397469
11.19         -0.533852141238749
11.2          -0.795469543039799
11.21         -0.871846239343286
11.22         -0.158164899330586
11.23         -7.38462269352749E-02
11.24         0.153682368993759
11.25         0.795185733810067
11.26         1.22224151439965
11.27         1.35181310892105
11.28         1.17222501643002
11.29         0.941712134107947
11.3          1.04560458473861
11.31         1.11315973296762
11.32         1.02175028376281
11.33         0.98356175288558
11.34         0.435090878158808
11.35         -0.186716268640012
11.36         -0.256311090141535
11.37         6.00481684366241E-02
11.38         0.361693118959665
11.39         0.801809825152159
11.4          0.96040619418025
11.41         0.679682613238692
11.42         0.604189760126174
11.43         0.383690271154046
11.44         0.701920670717955
11.45         0.74037027977407
11.46         0.860432693660259
11.47         0.872380382493138
11.48         0.928997509852052
11.49         1.19295376136899
11.5          1.00327461719513
11.51         0.867437658011913
11.52         0.604198494404554
11.53         0.752314094826579
11.54         1.1018957298249
11.55         0.666275605559349
11.56         0.618495009765029
11.57         0.55177784062922
11.58         0.807269151136279
11.59         0.499461194202304
11.6          0.143272826783359
11.61         0.322654731832445
11.62         0.204270249567926
11.63         -0.191517819408327
11.64         -0.147533290833235
11.65         -0.21010924257338
11.66         -0.293954569157213
11.67         0.35056020308286
11.68         0.592760317325592
11.69         0.320116674788296
11.7          8.85534772183746E-02
11.71         -0.11532604129985
11.72         -7.44453655416146E-02
11.73         0.1856405088678
11.74         0.407159057892859
11.75         0.95506278924644
11.76         0.937478603795171
11.77         0.732564100697637
11.78         0.866383112668991
11.79         0.883486437723041
11.8          0.989722744747996
11.81         0.630744926556945
11.82         0.751310274079442
11.83         0.59124797154218
11.84         0.261624254006892
11.85         0.031791019141674
11.86         -0.383705547004938
11.87         -0.311887193843722
11.88         0.143104088930413
11.89         0.465946086980403
11.9          0.383576908260584
11.91         0.245511593464762
11.92         -3.46413746033795E-02
11.93         -4.55488095106557E-02
11.94         0.415158414356411
11.95         0.541020717993379
11.96         0.593399235270917
11.97         0.212629173249006
11.98         0.482492355108261
11.99         0.295386862903833
12            0.518390385434031
12.01         0.632767990082502
12.02         0.746292485967278
12.03         0.656122061759233
12.04         0.187281328942627
12.05         2.68935991614126E-02
12.06         0.220359923243523
12.07         0.555203797370195
12.08         0.650311975926161
12.09         0.665607122629881
12.1          0.750049979835749
12.11         0.604041131213307
12.12         0.402477338500321
12.13         0.238075725864619
12.14         0.351139625608921
12.15         0.15297696637921
12.16         -0.273110835067928
12.17         -0.492271165475249
12.18         -0.872911675125361
12.19         -1.07339048042893
12.2          -1.26904971823096
12.21         -0.697030278816819
12.22         -0.458949491456151
12.23         -0.310622733458877
12.24         -7.09889987111092E-02
12.25         -0.120657797483727
12.26         1.46491081744898E-02
12.27         -0.192053625360131
12.28         -0.105954781863838
12.29         -0.131755465613678
12.3          -0.575943980924785
12.31         -0.948010974079371
12.32         -1.17800572000444
12.33         -1.40480160042644
12.34         -1.00320876292884
12.35         -0.848419077470899
12.36         -1.00906811155379
12.37         -0.953694029152393
12.38         -0.960189408659935
12.39         -0.983092221468687
12.4          -1.37694444179535
12.41         -0.931953131183982
12.42         -0.734172742813826
12.43         -0.759573924690485
12.44         -0.549639915861189
12.45         -0.739321874007583
12.46         -0.306240099146962
12.47         9.74309667013586E-02
12.48         0.679147666096687
12.49         0.967311171144247
12.5          1.0667098903656
12.51         0.991012348160148
12.52         0.920410581305623
12.53         0.890393022671342
12.54         0.3573433021456
12.55         0.441773697473109
12.56         0.402279775701463
12.57         3.11617216933519E-02
12.58         -0.373187319673598
12.59         -0.758477644845843
12.6          -0.688442400097847
12.61         -0.555372708812356
12.62         -0.216578857786953
12.63         -0.318152083419263
12.64         -0.188868336360902
12.65         -0.129795807832852
12.66         -5.90226490376517E-02
12.67         -0.280021677520126
12.68         -0.224954537395388
12.69         -1.13195539754815E-02
12.7          -9.22336507961154E-02
12.71         -0.183123976886272
12.72         -0.112969138305634
12.73         6.18209071783349E-02
12.74         8.28714179992676E-02
12.75         1.28687520639505E-02
12.76         0.129453179268166
12.77         0.206426593065262
12.78         0.535124824270606
12.79         0.5026024646312
12.8          0.571538432836533
12.81         0.855046750232577
12.82         0.556195740960538
12.83         0.48610264532268
12.84         -0.155149545036256
12.85         -0.577961672320962
12.86         -0.602459093928337
12.87         -0.565006179325283
12.88         -0.329320338405669
12.89         -0.233228091727942
12.9          -0.270982302390039
12.91         -0.041541694351472
12.92         0.517686271034181
12.93         0.836646878197789
12.94         0.972023222967982
12.95         0.981257876828313
12.96         0.887641615346074
12.97         0.843523057624698
12.98         0.527490772604942
12.99         0.37805556524545
13            0.183330822139978
13.01         -0.157986632343382
13.02         -0.692223648279905
13.03         -0.586827841959894
13.04         -0.367649165913463
13.05         -0.576676417775452
13.06         -0.265804446749389
13.07         -0.13072355995886
13.08         -0.407104459516704
13.09         -0.631311814114451
13.1          -0.7514237100631
13.11         -0.718451407179237
13.12         -0.470652437768877
13.13         -0.222129966784269
13.14         -0.225472472794354
13.15         9.89121395163238E-02
13.16         0.320126797780395
13.17         0.327596506141126
13.18         0.164173059593886
13.19         -5.25317051913589E-02
13.2          -0.180322064235806
13.21         -0.116841557370499
13.22         -0.126970716454089
13.23         -0.267332726195455
13.24         -0.249203598517925
13.25         -1.1014128229022
13.26         -1.12229432635009
13.27         -1.39472845584154
13.28         -1.53752564817667
13.29         -1.59125074267387
13.3          -1.32978547811508
13.31         -1.04104426816106
13.32         -1.09176411308348
13.33         -0.947294470891357
13.34         -0.715695541352034
13.35         -0.711069151237607
13.36         -0.378039997033775
13.37         -0.10132111013867
13.38         -0.12337598531507
13.39         -0.201746975015849
13.4          -0.641563444957137
13.41         -0.512191825211048
13.42         -0.263060257080942
13.43         6.64410709217191E-02
13.44         0.599595091156662
13.45         0.463301610611379
13.46         0.768796884119511
13.47         1.02599521614611
13.48         1.21362651921809
13.49         1.3962703666091
13.5          1.19742300756276
13.51         0.961553929522634
13.52         0.418572457395494
13.53         3.10085018025711E-02
13.54         -6.17620147531852E-02
13.55         0.257807027176023
13.56         0.423327705524862
13.57         0.372591634579003
13.58         0.21511228473857
13.59         0.356264417767525
13.6          0.429923620596528
13.61         0.651649526506662
13.62         0.469675843119621
13.63         0.624751676693559
13.64         0.778173259869218
13.65         0.797659252211452
13.66         0.662169032916427
13.67         0.42778649982065
13.68         0.363842665068805
13.69         6.35798958269879E-02
13.7          0.150412140050903
13.71         -7.28464535577223E-02
13.72         0.40051826544106
13.73         0.75560249581933
13.74         0.48757533967495
13.75         0.360686593875289
13.76         0.176538294441998
13.77         -6.30107242008671E-02
13.78         2.52043956611305E-02
13.79         0.165133300311863
13.8          9.74630532972515E-02
13.81         8.04678195063025E-02
13.82         0.21260622292757
13.83         0.446316435858607
13.84         0.539663871601224
13.85         0.713626869544387
13.86         0.75180260963738
13.87         0.663976041823626
13.88         0.618055226057768
13.89         0.446033759526908
13.9          0.829428563565016
13.91         0.591231124252081
13.92         0.336275674514472
13.93         0.166179093103856
13.94         -0.449646242447197
13.95         -0.369701063521206
13.96         -0.694684741348028
13.97         -0.646503830552101
13.98         -0.605321452170611
13.99         -0.41734801389277
14            -0.476976164951921
14.01         -0.522132055275142
14.02         -0.202024662941694
14.03         -2.90371153294109E-02
14.04         -0.129710091305897
14.05         -0.389186982773244
14.06         -0.22039950158447
14.07         -0.263956799693406
14.08         -0.499518314190209
14.09         -0.35726103913039
14.1          -0.696647286191583
14.11         -0.801951254680753
14.12         -0.641279416456819
14.13         -0.296281852349639
14.14         -5.36628764681518E-02
14.15         -0.190710063111037
14.16         -3.11385758163851E-05
14.17         -3.46983461268246E-02
14.18         0.366852702051401
14.19         0.253051486685872
14.2          0.344660252854228
14.21         0.426001600697637
14.22         0.170273130778223
14.23         0.536780755743384
14.24         0.33068463999778
14.25         0.181182646472007
14.26         0.152800663691014
14.27         -1.13731679180637E-02
14.28         0.120187160577625
14.29         0.239162302985787
14.3          0.336756973452866
14.31         0.636224644705653
14.32         0.540572602003813
14.33         0.603107075057924
14.34         0.567084060497582
14.35         0.516652154400945
14.36         0.213980062790215
14.37         -6.22759210551158E-02
14.38         -0.242433984596282
14.39         -0.624543515816331
14.4          -0.401755280457437
14.41         -0.689988842457533
14.42         -0.864073023945093
14.43         -0.859683372974396
14.44         -0.752055501714349
14.45         -0.536139279641211
14.46         -0.109343161107972
14.47         -0.276672502029687
14.48         -0.312922955006361
14.49         -0.568817759938538
14.5          -0.630092450380325
14.51         -0.444946140870452
14.52         -8.71269667334855E-02
14.53         0.11276916353032
14.54         0.155538750328124
14.55         0.136491363113746
14.56         0.565946850143373
14.57         0.866576070785522
14.58         0.664641381874681
14.59         0.632217547819018
14.6          0.718218761086464
14.61         0.869163829162717
14.62         0.828669448792934
14.63         0.557198209539056
14.64         0.777654977291822
14.65         0.7706730363518
14.66         0.88174104385078
14.67         1.26782180294394
14.68         1.04220669463277
14.69         1.00758657328784
14.7          0.992097372114658
14.71         0.811627519503236
14.72         0.989234794601798
14.73         0.806098173111677
14.74         0.180999116990715
14.75         -0.492370348870754
14.76         -0.971254094839096
14.77         -1.40996264532208
14.78         -1.08090744160116
14.79         -1.17191314056516
14.8          -1.24626706570387
14.81         -0.983339485600591
14.82         -0.813700211271644
14.83         -0.364519078284502
14.84         -0.501073381192982
14.85         -0.837322523966432
14.86         -0.690487098321319
14.87         -0.767665740251541
14.88         -0.989936899021268
14.89         -1.11103470861912
14.9          -1.32989379778504
14.91         -1.52459453076124
14.92         -1.48936257138848
14.93         -1.28753671377897
14.94         -1.06554285921156
14.95         -0.699100339338183
14.96         -0.601090626195073
14.97         -0.251897520404309
14.98         0.123385176407173
14.99         0.168724587075412
15            0.274517729971558
15.01         0.328983465693891
15.02         0.407256560213864
15.03         0.295068354103714
15.04         0.223048527818173
15.05         -6.71035878639668E-02
15.06         -0.111670526526868
15.07         4.17224646778777E-02
15.08         0.431222579553723
15.09         0.426288479715586
15.1          0.507809885255992
15.11         0.481893088594079
15.12         0.535161844454706
15.13         0.85855317927897
15.14         0.88866312392056
15.15         0.866616708934307
15.16         1.07327141650021
15.17         0.89202103368938
15.18         0.589779041334987
15.19         0.465829800479114
15.2          0.481177718304098
15.21         0.573943684995174
15.22         0.682209341302514
15.23         0.779682060778141
15.24         0.311839356310666
15.25         0.31943116184324
15.26         0.265951686948538
15.27         3.76913827867247E-02
15.28         -0.196052262056619
15.29         -0.388769455030561
15.3          -0.242642894648016
15.31         -0.559627946913242
15.32         -0.418122879602015
15.33         -0.621984116435051
15.34         -0.610553613826633
15.35         -0.188056962098926
15.36         -5.22115929750726E-02
15.37         -0.273180215936154
15.38         -0.569828633889556
15.39         -0.371923992186785
15.4          -0.580266790911555
15.41         -0.997806447297335
15.42         -1.38042338892817
15.43         -1.23875353977084
15.44         -1.07609167478979
15.45         -1.39062254101038
15.46         -1.40297405317426
15.47         -0.956826382577419
15.48         -0.904135806709528
15.49         -0.926252022832632
15.5          -0.647968704253435
15.51         -0.480680156797171
15.52         -0.263615578114986
15.53         -0.262682782765478
15.54         -0.133138670157641
15.55         3.80692522460595E-02
15.56         -0.230672474764287
15.57         -6.04683228582144E-02
15.58         2.24032161966898E-02
15.59         9.33197162859142E-02
15.6          0.172164321318269
15.61         0.163770314343274
15.62         6.94172854162753E-02
15.63         8.06303081475198E-02
15.64         0.160904886312783
15.65         9.73706216085702E-03
15.66         2.58325967565179E-02
15.67         0.22724823564291
15.68         0.236931754667312
15.69         0.333886831104755
15.7          9.28976660873741E-02
15.71         0.100838513849303
15.72         4.14623732166365E-02
15.73         -0.14504540107213
15.74         -0.140851604416966
15.75         -1.61997509363573E-02
15.76         -0.134530764296651
15.77         -0.349612734876573
15.78         -0.385622337386012
15.79         -0.106922742733732
15.8          9.96666678786278E-02
15.81         0.34686125446111
15.82         0.4138109235093
15.83         0.533241180293262
15.84         0.642502361610532
15.85         0.546886827461421
15.86         0.624501050412655
15.87         0.513256895542145
15.88         0.388635005615652
15.89         0.568812753260136
15.9          0.375399686805904
15.91         0.447487596608698
15.92         0.286019020434469
15.93         -3.03568707313389E-02
15.94         -7.83372585754842E-02
15.95         -5.89349042577669E-02
15.96         4.52787412377074E-02
15.97         0.011644310845295
15.98         0.135821290472522
15.99         -0.135213435860351
16            -6.31329995300621E-02
16.01         0.127396366344765
16.02         0.348368520475924
16.03         0.660455944910646
16.04         0.722388922199607
16.05         0.802654090002179
16.06         0.702593758329749
16.07         0.549311850517988
16.08         0.515510595180094
16.09         0.373443427719176
16.1          0.310634208619595
16.11         0.347917590513825
16.12         5.32066748756915E-02
16.13         -0.214545415453613
16.14         -0.303465960770845
16.15         -0.490165985114872
16.16         -0.384506359733641
16.17         -0.416689873225987
16.18         -0.481886473931372
16.19         -0.456990308761597
16.2          -0.762916777879
16.21         -0.682860063314438
16.22         -0.652430714517832
16.23         -0.378731101378799
16.24         -0.260817922968417
16.25         -0.151343957819045
16.26         -0.106089240415022
16.27         -0.316767572388053
16.28         -0.318542238883674
16.29         -0.401308224275708
16.3          -0.567556844428182
16.31         -0.71369798630476
16.32         -0.815372734218836
16.33         -0.526981151215732
16.34         -0.300011553671211
16.35         -0.234422604795545
16.36         -7.80998890288174E-02
16.37         8.08618578873575E-02
16.38         9.22639832273126E-02
16.39         6.28670243080705E-02
16.4          -2.27311878930777E-02
16.41         -0.131274568671361
16.42         -0.219177597966045
16.43         -0.261829272005707
16.44         -0.306015931516886
16.45         -0.257992128096521
16.46         -0.361304096393287
16.47         -0.196221849583089
16.48         -0.276605971679091
16.49         -0.342458812706173
16.5          -0.209796909894794
16.51         -0.100389027418569
16.52         3.13947886257665E-03
16.53         0.140151427751407
16.54         0.171055945046246
16.55         -1.50360259716399E-02
16.56         -0.119082402270287
16.57         -0.185862849242985
16.58         -0.126600002981722
16.59         -2.03071572643239E-03
16.6          -0.197999092508107
16.61         -5.12872121343389E-02
16.62         0.145674442704767
16.63         0.237031376603991
16.64         0.244956619609147
16.65         0.239475275203586
16.66         0.394397034645081
16.67         0.377540608271956
16.68         0.416482187435031
16.69         0.469978765435517
16.7          0.675319494009018
16.71         0.672236988097429
16.72         0.789080582857132
16.73         0.817883747890592
16.74         0.756577372848988
16.75         0.908897632956505
16.76         0.964781373292208
16.77         0.933166136071086
16.78         0.973033548742533
16.79         0.949068735390902
16.8          0.706565771922469
16.81         0.606566543653607
16.82         0.431917776949704
16.83         0.172919690217823
16.84         0.196091858670115
16.85         -0.086156365480274
16.86         -0.252277498058975
16.87         -0.417491489946842
16.88         -0.585234475694597
16.89         -0.51585927195847
16.9          -0.37917457614094
16.91         -0.295748951733112
16.92         -0.295918027628213
16.93         -0.259482784364373
16.94         -0.327449265941978
16.95         -0.26427589321509
16.96         -0.169583634417504
16.97         -0.138221554225311
16.98         -0.203059912472963
16.99         -0.138281652638689
17            -0.253218607418239
17.01         -0.227574016917497
17.02         -0.158315647859126
17.03         -0.187445909790695
17.04         3.86496980348602E-02
17.05         4.24065386597067E-02
17.06         0.086794296707958
17.07         0.155568991396576
17.08         1.36719996097963E-02
17.09         -4.37820550287142E-02
17.1          0.150827475087717
17.11         0.306700055748224
17.12         0.306235859915614
17.13         0.335676517635584
17.14         0.126728385910392
17.15         0.087245994117111
17.16         1.60827529476956E-02
17.17         0.094022359745577
17.18         0.15070133054629
17.19         2.17893339274451E-02
17.2          2.55987241188996E-02
17.21         0.142681846870109
17.22         0.258025895766914
17.23         0.364020785875618
17.24         0.434609908126295
17.25         0.487554545514286
17.26         0.479462729953229
17.27         0.489362760409713
17.28         0.459393441304565
17.29         0.485571718141437
17.3          0.543438505120575
17.31         0.428043923489749
17.32         0.317490726783872
17.33         0.142022591577843
17.34         6.88836676022038E-02
17.35         5.47993787610903E-02
17.36         -0.109766389885917
17.37         -0.13308366978541
17.38         -0.184091088082641
17.39         -0.134925761986524
17.4          -0.261075163912028
17.41         -0.364417921453714
17.42         -0.286756664961576
17.43         -0.162985983453691
17.44         -0.25595735186711
17.45         -0.198148379232734
17.46         -0.156223002467304
17.47         -0.137808786481619
17.48         6.917306080868E-04
17.49         0.134640783313662
17.5          0.163824346270412
17.51         6.45309180440381E-02
17.52         -3.80810334719718E-02
17.53         -1.80211403395515E-02
17.54         -0.137348665427417
17.55         1.55495987995528E-02
17.56         -5.73573894286528E-02
17.57         -8.88045054953545E-02
17.58         1.39500164415222E-02
17.59         0.120042149629444
17.6          8.72709635552019E-02
17.61         8.71291777119041E-02
17.62         0.242184198852628
17.63         0.220832707174122
17.64         0.162892811726779
17.65         9.51742429565638E-02
17.66         4.31614187685773E-02
17.67         -3.91084714885801E-02
17.68         -0.121847322145477
17.69         -0.103050268851221
17.7          -0.113161612199619
17.71         -8.09206498134881E-02
17.72         6.13577848579735E-02
17.73         9.45675669237971E-02
17.74         0.114650742709637
17.75         0.159785674419254
17.76         0.259311132039875
17.77         0.227920902986079
17.78         0.144728536801413
17.79         0.106655360525474
17.8          -0.016914847138105
17.81         -0.248553643953055
17.82         -0.205874341819435
17.83         -0.284784947298467
17.84         -0.301018809657544
17.85         -0.29786942621693
17.86         -0.344506580717862
17.87         -0.340008536987007
17.88         -0.302020839694887
17.89         -0.201771277505904
17.9          -0.140779711073264
17.91         -6.96231165435165E-02
17.92         -0.136499393898994
17.93         -0.058826264818199
17.94         2.73515891795978E-02
17.95         0.139887151876464
17.96         0.109005676265806
17.97         0.238528903350234
17.98         0.271427348591387
17.99         0.290276560876518
18            0.289576210621744
18.01         0.205618178956211
18.02         0.152747225621715
18.03         4.66496246590395E-04
18.04         -0.100934325959533
18.05         -0.062806395990774
18.06         -9.69578789896332E-03
18.07         -0.146779995867983
18.08         -0.15958738071844
18.09         -0.137868839213625
18.1          2.49562567309476E-02
18.11         5.10783923033159E-03
18.12         5.14784526312724E-02
18.13         0.106768001653254
18.14         4.31288068369031E-02
18.15         0.084607502007857
18.16         0.19793797083199
18.17         0.416258531436324
18.18         0.460227875523269
18.19         0.388524639420211
18.2          0.394829143881798
18.21         0.399871563389897
18.22         0.411660500317812
18.23         0.318196193352342
18.24         0.204884188938886
18.25         0.172404495701194
18.26         0.158051627799869
18.27         3.93206568947062E-02
18.28         -7.49511679681018E-02
18.29         -0.190105351377279
18.3          -0.223625136371702
18.31         -0.275979552157223
18.32         -0.350852710045874
18.33         -0.436833640784025
18.34         -0.508875138312578
18.35         -0.409370182491839
18.36         -0.432378866448998
18.37         -0.342978191636503
18.38         -0.28255005011335
18.39         -0.235714419186115
18.4          -0.14079173441045
18.41         -0.168220410905778
18.42         -0.238951583951712
18.43         -0.203755566682667
18.44         -0.116117059942335
18.45         -0.071426758733578
18.46         -5.55921698408201E-02
18.47         -3.06886088568717E-02
18.48         -2.78677612775937E-02
18.49         -5.90563527541235E-02
18.5          -4.84816404059529E-02
18.51         -5.86576777137816E-02
18.52         -0.136601701900363
18.53         -0.25892592843622
18.54         -0.354293394461274
18.55         -0.371523823365569
18.56         -0.378093499056995
18.57         -0.365538430698216
18.58         -0.351420949772
18.59         -0.362633753232658
18.6          -0.265188259854913
18.61         -0.211699228417128
18.62         -0.169119694400579
18.63         -0.141208357661963
18.64         -0.065035135326907
18.65         4.45629917923361E-02
18.66         2.40509969706181E-03
18.67         1.93931198283099E-02
18.68         1.43000853597187E-02
18.69         9.20053170248866E-02
18.7          0.101965829618275
18.71         0.19553067214787
18.72         0.199784558080137
18.73         0.128684288682416
18.74         0.129150942172855
18.75         4.99159761099145E-02
18.76         3.44614608027041E-02
18.77         -1.08728906535544E-02
18.78         1.86002877780993E-04
18.79         5.18012509122491E-02
18.8          4.56014664284885E-02
18.81         7.99174046516418E-02
18.82         0.061280003185384
18.83         8.30149397347122E-02
18.84         8.75675544328988E-02
18.85         7.14101992361248E-02
18.86         0.122322773868218
18.87         0.104049229100347
18.88         0.135232603764161
18.89         0.124921952588484
18.9          0.108466636072844
18.91         0.127044966956601
18.92         0.137641318570822
18.93         0.170917804576457
18.94         0.183622598201036
18.95         0.220704525243491
18.96         0.179540602136403
18.97         0.157369367368519
18.98         0.117198191843927
18.99         6.38015875266865E-02
19            4.19210507394746E-02
19.01         -0.029832811744418
19.02         -6.49771062796936E-02
19.03         -5.60017444565892E-02
19.04         -1.59841040242463E-02
19.05         2.77082190848887E-02
19.06         0.06002531404607
19.07         0.106204384882003
19.08         6.91152584552765E-02
19.09         3.57354617421515E-02
19.1          5.42123046051711E-02
19.11         0.029039317171555
19.12         0.075643642754294
19.13         2.51546075334772E-02
19.14         7.74240331258625E-02
19.15         0.128242047317326
19.16         0.119800056628883
19.17         0.133565672216937
19.18         0.116607321565971
19.19         7.15296149114147E-02
19.2          0.023096862710081
19.21         -2.65284656686708E-02
19.22         -0.016708232575329
19.23         -3.67443691100925E-02
19.24         -2.57622931245714E-02
19.25         -6.21131811663508E-02
19.26         -0.115622321544215
19.27         -8.27043338119984E-02
19.28         -9.61597820185125E-02
19.29         -8.00552618969232E-02
19.3          -9.42041441984475E-02
19.31         -7.49575222469866E-02
19.32         -3.78107504965738E-02
19.33         -2.87100778170861E-02
19.34         1.63899784488603E-02
19.35         5.91003530519083E-02
19.36         0.086107943225652
19.37         0.130750210471451
19.38         0.172695211954415
19.39         0.177043475601822
19.4          0.156587521545589
19.41         0.152677570665255
19.42         0.14842567644082
19.43         0.121770376442
19.44         7.40897863078862E-02
19.45         2.29290042235516E-02
19.46         0.013794459948549
19.47         -1.72000131045934E-02
19.48         -4.34589232737198E-02
19.49         -7.32928930409253E-02
19.5          -9.06722889002413E-02
19.51         -0.101741908667609
19.52         -9.89402883779258E-02
19.53         -8.16600941866636E-02
19.54         -8.61378097068519E-02
19.55         -4.41473004408181E-02
19.56         -5.16870155045763E-02
19.57         -2.50601658644155E-02
19.58         -3.97005900100339E-03
19.59         1.65750485344324E-02
19.6          6.02456124639139E-02
19.61         7.34636911237612E-02
19.62         8.69820745568722E-02
19.63         0.112021743189543
19.64         0.126531362151727
19.65         0.109657978853211
19.66         8.83195611834526E-02
19.67         6.79303019307554E-02
19.68         4.84008072176948E-02
19.69         3.97920658160001E-02
19.7          2.47890012385324E-02
19.71         -3.45721107936697E-03
19.72         -2.73935743578477E-03
19.73         -1.01051313955395E-03
19.74         4.5363963834825E-03
19.75         1.31381236959714E-02
19.76         1.75404546735808E-02
19.77         1.53393856866751E-02
19.78         6.71444224426523E-03
19.79         1.00139026972465E-02
19.8          4.27666923118522E-03
19.81         7.90393607108854E-03
19.82         8.06457632977981E-03
19.83         1.71360146440566E-02
19.84         1.71855195472017E-02
19.85         2.07262827130035E-02
19.86         2.51066123996861E-02
19.87         2.73333052103408E-02
19.88         3.27157128998078E-02
19.89         3.30622243811376E-02
19.9          2.94691948732361E-02
19.91         0.024257585266605
19.92         1.84333884576336E-02
19.93         1.05909863370471E-02
19.94         8.29582685662899E-03
19.95         6.89551064162515E-03
19.96         8.17901844566222E-03
19.97         9.40604180388618E-03
19.98         8.98377233475912E-03
19.99         1.22771234752145E-02
20            1.43502160976641E-02
