Horizontal-Spectrum-NTC - Comune Mercato San Severino (SA) - SLV q=1 VR=50 Suolo=C Topo=T1 h/H=1 (9)
Time (s)      Acc. (m/s^2)
0             3.59009447973222E-03
0.01          4.32542010617908E-03
0.02          1.68339154493879E-03
0.03          -1.30574218416587E-02
0.04          -1.69085819378961E-02
0.05          -2.20614395895973E-02
0.06          -1.66635333525483E-02
0.07          -1.15298139117658E-02
0.08          -2.15736744529568E-02
0.09          -2.38218740536831E-02
9.999999E-02  1.41069856309332E-02
0.11          1.18201681401115E-02
0.12          1.42734611139167E-02
0.13          1.15521578129847E-02
0.14          0.026035006348975
0.15          4.07144138356671E-02
0.16          2.84962478815578E-02
0.17          -1.09489489963744E-02
0.18          8.13306241412647E-03
0.19          2.12051080050878E-02
0.2           3.61464890255593E-02
0.21          0.108179181469604
0.22          0.101188487978652
0.23          0.104845857415348
0.24          0.153391798920929
0.25          0.153689495287836
0.26          0.110454817302525
0.27          0.109744709506631
0.28          0.159976860098541
0.29          0.153770534042269
0.3           0.104938042424619
0.31          9.93925796449184E-02
0.32          6.67618409497663E-02
0.33          -9.63725178851746E-03
0.34          0.0354798539076
0.35          0.134873091364279
0.36          0.146837928984314
0.37          0.134544459572062
0.38          0.184487273488194
0.39          0.270802116785198
0.4           0.106709885811433
0.41          6.66736873215996E-03
0.42          -6.19408710300922E-02
0.43          -0.18947388863191
0.44          -0.25979694429785
0.45          -0.180244186632335
0.46          -0.250990196987987
0.47          -0.216927735563368
0.48          -0.233069723546505
0.49          -0.213859500512481
0.5           -0.433404212258756
0.51          -0.47746309183538
0.52          -0.508253323473036
0.53          -0.363478054627776
0.54          -0.319903872683644
0.55          -0.359211889542639
0.56          -0.298025857508183
0.57          -0.264701077155769
0.58          -0.308426921255887
0.59          -0.181657422110438
0.6           -0.255903283394873
0.61          -0.199210800044239
0.62          3.32537184096873E-02
0.63          9.18203166034073E-02
0.64          0.264666651673615
0.65          0.13907508325763
0.66          -4.17872591363266E-02
0.67          -3.11403154022992E-02
0.68          5.58491663890891E-03
0.69          7.60469498857856E-02
0.7           -9.61386224068701E-02
0.71          -0.243109959270805
0.72          -0.468376262895763
0.73          -0.611720425710082
0.74          -0.786212158128619
0.75          -0.812336055859923
0.76          -0.638691511899233
0.77          -0.472827419266105
0.78          -0.443192085810006
0.79          -0.226880993954837
0.8           -0.346600139737129
0.81          -0.22709244389087
0.82          -3.82735918764956E-02
0.83          6.05117338662967E-02
0.84          -0.015426082079066
0.85          -4.68489470472559E-02
0.86          -8.73596219625324E-02
0.87          6.28776909084991E-02
0.88          7.80164657067507E-02
0.89          -8.39732892438769E-02
0.9           -0.123458823915571
0.91          -0.20863101163879
0.92          0.228210924882442
0.93          0.548987878225744
0.94          0.285722054969519
0.95          0.240637866128236
0.96          0.413380385711789
0.97          0.337574012205005
0.98          0.432841563932598
0.9899999     0.437234759777784
1             0.410974475741386
1.01          0.613761981055141
1.02          0.601876345798373
1.03          0.796603171974421
1.04          0.550787760838866
1.05          0.567953906916082
1.06          0.64538313858211
1.07          0.632016038149595
1.08          0.816128194481134
1.09          0.840624373555183
1.1           0.686150145381689
1.11          0.655591865479946
1.12          0.475637627653778
1.13          0.157428351156414
1.14          0.285453466773033
1.15          0.431158735267818
1.16          0.466253869794309
1.17          0.437457648329437
1.18          8.26204262673855E-02
1.19          3.45199512317777E-02
1.2           0.20740331562236
1.21          2.50257335300557E-02
1.22          4.96132182469592E-02
1.23          0.187598156668246
1.24          0.458283603228629
1.25          0.441599158085883
1.26          0.293320913705975
1.27          0.594863670431077
1.28          0.944632014334202
1.29          0.83971235409379
1.3           1.0524003649503
1.31          1.19149510033429
1.32          1.21321275562048
1.33          1.1839372086525
1.34          1.20420183084905
1.35          0.832009963095188
1.36          0.710621693059802
1.37          0.55919474132359
1.38          0.276126043181866
1.39          0.260057547390461
1.4           0.440467100590467
1.41          0.505494534038007
1.42          0.364503436982632
1.43          0.456839450597763
1.44          0.277900563497096
1.45          -0.126474552797154
1.46          -0.174014142807573
1.47          0.164938387032598
1.48          0.658870545476675
1.49          0.517423877231777
1.5           0.380883461460471
1.51          0.247459045182914
1.52          0.304132305812091
1.53          0.139812965327874
1.54          -0.367488659843802
1.55          -0.37702974434942
1.56          -0.253271561264992
1.57          -0.773272489160299
1.58          -0.726039996743202
1.59          -0.695671970620751
1.6           -1.19626072727144
1.61          -1.11136756137013
1.62          -1.11384758479893
1.63          -0.540385016016662
1.64          -0.606930569373071
1.65          -0.817310428395867
1.66          -0.688409436419606
1.67          -0.672104475572705
1.68          -0.59103513289243
1.69          -0.82170402623713
1.7           -1.04057649090886
1.71          -0.660980147793889
1.72          -0.427830061577261
1.73          -0.349902537502348
1.74          -0.252353018503636
1.75          -0.245885888356715
1.76          0.284244518391788
1.77          2.89686663611792E-02
1.78          3.56800593738444E-02
1.79          -0.02353912234772
1.8           -0.018325646657031
1.81          6.95101522200275E-03
1.82          -0.176596602145582
1.83          0.164652951546013
1.84          0.532280153855681
1.85          -3.66657902975567E-02
1.86          0.268255508188158
1.87          0.396158873811364
1.88          0.289223915878683
1.89          0.129718204317614
1.9           0.212160793002695
1.91          0.252437328044325
1.92          0.517942817620933
1.93          0.277401229552925
1.94          7.88954301271588E-02
1.95          0.83769067928195
1.96          1.05872712537646
1.97          0.461588120609522
1.98          0.481757835187018
1.99          0.295543020106852
2             -9.20943043380976E-02
2.01          0.214764028228819
2.02          -0.347137389220297
2.03          -0.387667327970266
2.04          -0.240556900463998
2.05          -0.501627879962325
2.06          -0.390435692220926
2.07          -0.922584137544036
2.08          -0.653216361030936
2.09          -0.986414024680853
2.1           -1.18607275798917
2.11          -1.28343898504972
2.12          -1.29659916713834
2.13          -1.27590996399522
2.14          -1.18960169881582
2.15          -0.753248479887843
2.16          -0.846341634839773
2.17          -0.770801309645176
2.18          -0.268985478244722
2.19          0.111847560117021
2.2           0.277438523825258
2.21          -0.106495777219534
2.22          0.367805615477264
2.23          0.628292385041714
2.24          0.821749049797654
2.25          0.627215474098921
2.26          0.472697391808033
2.27          0.155012829825282
2.28          -3.80286209494807E-02
2.29          -0.662593613862991
2.3           -0.854993613660336
2.31          -0.50287604123354
2.32          -0.588593627996743
2.33          -0.675501561686397
2.34          -0.307784970067441
2.35          -0.596703789196908
2.36          -0.515530731528997
2.37          -0.480916859395802
2.38          -0.629114869013429
2.39          -0.481020099297166
2.4           -0.702321716621518
2.41          -1.06279079407454
2.42          -0.979732557535172
2.43          -0.362045632973313
2.44          0.123952210145071
2.45          0.126459697214887
2.46          0.191094243451953
2.47          0.26891350267455
2.48          0.970098246484995
2.49          0.727792699635029
2.5           0.324640921354294
2.51          0.347368244603276
2.52          0.704993528723717
2.53          0.852220352366567
2.54          0.764649892598391
2.55          0.852141341865063
2.56          0.972972737699747
2.57          0.80633586242795
2.58          0.961486978903413
2.59          1.13046851456165
2.6           0.51759863588959
2.61          0.262745768241584
2.62          0.15030931128189
2.63          0.300128187350929
2.64          0.122937307097018
2.65          -0.137497303476557
2.66          -0.714376921132207
2.67          -0.631428685337305
2.68          -0.450602225661278
2.69          -0.272193023208529
2.7           -0.540653512850404
2.71          -1.0422987882793
2.72          -0.705437917113304
2.73          -0.735642075017095
2.74          -0.876653162240982
2.75          -0.735766401439905
2.76          -0.52251384191215
2.77          -0.67074477866292
2.78          -0.354380627609789
2.79          7.45917652035132E-02
2.8           1.41846245492343E-02
2.81          -0.413100815713406
2.82          -0.704057097136974
2.83          -5.41497987834737E-02
2.84          -0.205585799999535
2.85          2.32783433818258E-02
2.86          -7.30327650345862E-02
2.87          0.186921268366277
2.88          -0.158852075077593
2.89          -0.377313663214445
2.9           -0.637563437819481
2.91          -0.521975276805461
2.92          -0.552555885761976
2.93          -0.969410467743874
2.94          -1.34971161961555
2.95          -0.797084178552032
2.96          -1.08735882081091
2.97          -1.23694163382053
2.98          -1.05546839900315
2.99          -0.513607472665608
3             -6.80772680416703E-02
3.01          -0.257595906145871
3.02          -6.55393754504621E-02
3.03          0.330956572070718
3.04          0.698861115127802
3.05          0.583118258714676
3.06          0.475229601636529
3.07          0.58401058036834
3.08          0.444368289783597
3.09          -0.325070545524359
3.1           -5.61389164812863E-02
3.11          2.62020334345289E-02
3.12          -0.219627943206578
3.13          -5.57298352243379E-02
3.14          -0.199301578067243
3.15          -0.276350557990372
3.16          1.45392262015957E-02
3.17          -0.508885115124285
3.18          -0.557824957966805
3.19          -0.351490860544145
3.2           -0.163329452555627
3.21          -0.169216264821589
3.22          0.122805178295821
3.23          0.344945268072188
3.24          1.07212565459311
3.25          0.695513145625591
3.26          0.532062747068703
3.27          0.758971588388085
3.28          0.989793569147587
3.29          1.63891388252378
3.3           1.42694295957685
3.31          1.91640694990754
3.32          1.10928244426847
3.33          0.519198799543083
3.34          0.218736078366637
3.35          0.523986499719322
3.36          -0.100509790694341
3.37          -0.47084923312068
3.38          -0.134919394003227
3.39          7.16987456241623E-02
3.4           -0.409116486422718
3.41          -0.351784244589508
3.42          -0.857589923590422
3.43          -0.93547578625381
3.44          -0.516513209939003
3.45          -0.590565820746124
3.46          -0.673932169005275
3.47          -0.120151346381754
3.48          2.70847916929051E-02
3.49          0.717839130610228
3.5           0.509811496809125
3.51          0.354481638260186
3.52          0.246349901463836
3.53          -0.580929682441056
3.54          -0.774209432378411
3.55          -1.03920086033642
3.56          -1.04846869714558
3.57          -1.35841826990247
3.58          -1.12743812195957
3.59          -1.05804782509804
3.6           -0.865926664397121
3.61          -1.1038860489428
3.62          -1.02415824025869
3.63          -0.406053166687489
3.64          -0.49069179598242
3.65          -0.346642166599631
3.66          -0.412659533657134
3.67          -0.558416915461421
3.68          -0.79102405115962
3.69          -0.734853212535381
3.7           -0.867178041636944
3.71          -0.706646463498473
3.72          -0.11248414831236
3.73          0.209530751947314
3.74          0.42920634996146
3.75          0.631930668801069
3.76          0.955108470618725
3.77          1.44564396321774
3.78          1.61891465082765
3.79          1.67289892315865
3.8           1.62680152148008
3.81          1.17787773907185
3.82          1.33910900965333
3.83          1.31443960681558
3.84          0.928372515588999
3.85          0.90467433527112
3.86          0.947958202958107
3.87          0.949853870272636
3.88          0.438424668163061
3.89          1.01669178441167
3.9           0.837314337864518
3.91          1.20872984156013
3.92          1.09614440850914
3.93          0.678686320781708
3.94          1.16444017969072
3.95          1.10682756386697
3.96          0.849434373378754
3.97          0.929216488078237
3.98          0.373126252815127
3.99          -8.79556450992823E-02
4             3.54211305035278E-02
4.01          0.302168993521482
4.02          0.569480468742549
4.03          0.486715214252472
4.04          -0.187281877119094
4.05          0.272558803092688
4.06          0.221282193604857
4.07          -0.214426406342536
4.08          0.19038108414039
4.09          0.198776132650673
4.1           0.300476644858718
4.11          0.164010872449726
4.12          0.284973757546395
4.13          0.33211088553071
4.14          0.446719930283725
4.15          0.794082218036056
4.16          1.08807400837541
4.17          1.12307522200048
4.18          0.997786786034703
4.19          0.666143093034625
4.2           0.104263529554009
4.21          0.10690131817013
4.22          5.58459024550393E-02
4.23          5.35054607433267E-03
4.24          0.39284258890897
4.25          0.206136114355177
4.26          -0.475170325487852
4.27          -0.721560444831848
4.28          -0.917928218990564
4.29          -0.806877533867955
4.3           -0.832316941916943
4.31          -1.56578801885247
4.32          -1.5671134364605
4.33          -1.66129541605711
4.34          -1.31910246893764
4.35          -0.706318215429783
4.36          -0.426079843752086
4.37          -0.409315693750978
4.38          -0.446443283893168
4.39          -0.315342459753156
4.4           -0.468547769039869
4.41          -0.770133484527469
4.42          -0.383202357552946
4.43          0.353206689432263
4.44          0.575784863568842
4.45          0.51497966799885
4.46          0.686223016306758
4.47          0.306328702736646
4.48          4.91059996979311E-02
4.49          0.363769794143736
4.5           0.353661237359047
4.51          -9.01480037905276E-02
4.52          5.27135170530528E-02
4.53          0.160425798352808
4.54          0.12261507069692
4.55          -0.269259274117649
4.56          -6.27371750073508E-02
4.57          0.239588290918618
4.58          5.55410295445472E-02
4.59          -0.175312937311828
4.6           0.6081599830091
4.61          0.615722187012434
4.62          0.398254515901208
4.63          -4.31035815831274E-02
4.64          -7.29212202597409E-02
4.65          7.23378371587023E-02
4.66          -9.22476841136813E-02
4.67          -0.14623482523486
4.68          -0.279160199929029
4.69          -0.33486664172262
4.7           0.320062916949391
4.71          0.582650152556598
4.72          0.255338606815785
4.73          6.43272659182549E-02
4.74          -2.16783396131359E-02
4.75          -7.04487388255075E-02
4.76          1.93561247689649E-02
4.77          -0.123692027321085
4.78          -0.346058322116733
4.79          -0.035640935562551
4.8           -0.75947189077735
4.81          -1.28669719979167
4.82          -1.54631986051798
4.83          -1.76087846875191
4.84          -1.32928597971797
4.85          -1.1097597232461
4.86          -1.07818410091102
4.87          -0.668650817647576
4.88          -0.459812101945281
4.89          3.37189192324877E-02
4.9           -0.15362329384312
4.91          0.27037137798965
4.92          0.403048611469567
4.93          0.402784353867173
4.94          0.277318180818111
4.95          0.335144165195525
4.96          0.57158491820097
4.97          0.320772220753133
4.98          0.710701434463263
4.99          0.533666747957468
5             0.13301780638285
5.01          0.101502510868013
5.02          0.324448255598545
5.03          0.444753475114703
5.04          0.185750326886773
5.05          3.86436224123463E-02
5.06          0.17072375010699
5.07          0.494320358745754
5.08          0.267658690195531
5.09          0.138640781315044
5.1           4.63687941402895E-03
5.11          -0.4359288937971
5.12          -0.043434255332686
5.13          0.399811812154949
5.14          0.119991086991504
5.15          -0.226191497594118
5.16          -0.540188988111913
5.17          -0.669468843117356
5.18          -0.334030124433339
5.19          -0.533018035925925
5.2           -0.873606397435069
5.21          -1.20068341501057
5.22          -1.16673470020294
5.23          -1.75741750180721
5.24          -1.90596981614828
5.25          -1.62159618392587
5.26          -1.08063064903021
5.27          -1.19012663260102
5.28          -0.931470151171088
5.29          -0.795389582365751
5.3           -1.45440133810043
5.31          -1.32886220276356
5.32          -0.949420883953571
5.33          -1.15916964568198
5.34          -1.05974117875099
5.35          -1.02511901088059
5.36          -0.574718294888735
5.37          -0.140729351928458
5.38          -6.09834579890594E-02
5.39          0.160393090490252
5.4           0.205191240850836
5.41          0.16870779460296
5.42          0.302601943295449
5.43          0.106495046317577
5.44          -0.280855527017266
5.45          0.281844620089978
5.46          0.352332238331437
5.47          8.58783943299204E-02
5.48          0.272365095801651
5.49          0.57425519540906
5.5           1.00373917847872
5.51          0.958586321398616
5.52          1.1302607191354
5.53          1.02359851554036
5.54          0.499642823338509
5.55          1.0248177330941
5.56          1.29139192923903
5.57          1.43384165078402
5.58          1.81773094654083
5.59          1.80190721154213
5.6           1.79823092088103
5.61          1.52478076457977
5.62          1.77075967848301
5.63          1.54158580854535
5.64          1.44954200953245
5.65          1.48846078455448
5.66          1.29245173707604
5.67          1.20871938966215
5.68          0.852358712106943
5.69          0.27916977474466
5.7           0.114409636426717
5.71          6.72511295601726E-02
5.72          0.271395919807255
5.73          0.368069251812994
5.74          0.343647405467927
5.75          2.03184733967646E-03
5.76          -4.16818630741909E-02
5.77          -0.237733426205814
5.78          -0.380849803425372
5.79          -0.795532400608063
5.8           -0.857711180225015
5.81          -1.1687696043402
5.82          -1.02952583804727
5.83          -0.364420625790954
5.84          0.149933481495827
5.85          0.284084889404476
5.86          0.765714378207922
5.87          0.59306521307677
5.88          0.238880887459964
5.89          0.219208661299199
5.9           0.156928012222052
5.91          -0.110699998363853
5.92          -0.375294875465333
5.93          -0.534188611954451
5.94          -0.184470261745155
5.95          -0.368639538064599
5.96          -0.361843136586249
5.97          -9.81451858207583E-02
5.98          0.691235980466008
5.99          1.10415714047849
6             0.7324486181885
6.01          0.786765889450908
6.02          0.352643310204148
6.03          0.346293526366353
6.04          0.675875271856785
6.05          0.898195693418384
6.06          0.70007507018745
6.07          0.504621069654822
6.08          0.120886524114758
6.09          -5.30381928384304E-02
6.1           0.426073265634477
6.11          -7.43859888939187E-02
6.12          -0.341308921203017
6.13          -0.299147773738951
6.14          -4.11357514047995E-02
6.15          -0.195435673166066
6.16          -0.459302078559995
6.17          -0.471702707335353
6.18          -0.335554237738252
6.19          -0.51747463837266
6.2           -1.08482748806477
6.21          -0.890719151124358
6.22          -0.938722525835037
6.23          -1.28619346216321
6.24          -0.808260034918785
6.25          -1.00751794159412
6.26          -1.37366064548492
6.27          -1.00206592462957
6.28          -1.1359257209301
6.29          -0.594706636145711
6.3           -6.81463634013198E-03
6.31          -0.286291975770146
6.32          -0.344591986611485
6.33          -8.06403580494225E-02
6.34          -0.403033701069653
6.35          -0.411422847546637
6.36          -0.786187307462096
6.37          -0.654745627194643
6.38          -0.291217597145587
6.39          -0.660554105043411
6.4           -0.921106326878071
6.41          -0.326372976265848
6.42          -0.321504803784192
6.43          -0.430489302165806
6.44          -0.325090681873262
6.45          -0.196369711048901
6.46          0.065472717192024
6.47          9.36350091174245E-02
6.48          -0.270087733212858
6.49          0.145640620216727
6.5           0.15059432649985
6.51          -5.95177860057447E-03
6.52          0.136238480173051
6.53          9.70468411780894E-02
6.54          6.02177331224084E-02
6.55          0.24054794691503
6.56          0.218119178842753
6.57          0.499772741161287
6.58          3.85855020023882E-02
6.59          -0.419336396120489
6.6           -0.289063683897257
6.61          -0.542383484691382
6.62          -0.636861918121576
6.63          -0.58609266422689
6.64          -9.85445689223707E-02
6.65          0.229729318879545
6.66          -8.3071244310122E-03
6.67          -8.19051290675998E-02
6.68          0.260024346169084
6.69          0.386184729896486
6.7           0.612907483577728
6.71          0.512793357521296
6.72          0.298026168141514
6.73          -0.512261662892997
6.74          -0.875960559546948
6.75          -0.423864699192345
6.76          -0.390878472626209
6.77          -0.378781752884388
6.78          -1.68456318648532E-02
6.79          2.32673501595855E-02
6.8           0.623449355587363
6.81          0.652761009112001
6.82          1.0361459094286
6.83          1.07535485252738
6.84          1.33465620875359
6.85          1.76321910917759
6.86          1.93593138769269
6.87          2.01328288793564
6.88          1.92631491065025
6.89          1.82927276551723
6.9           1.60963526576757
6.91          0.994470610767603
6.92          1.60740455299616
6.93          1.29508605390787
6.94          0.876950273886323
6.95          0.454304938428104
6.96          -0.417346552088857
6.97          -0.862669472917914
6.98          -1.32033988595009
6.99          -1.04605270072818
7             -1.08620406880975
7.01          -0.899790960028768
7.02          -0.999334617108107
7.03          -1.15005632154644
7.04          -1.04187596149743
7.05          -1.34482846364379
7.06          -1.04250351391733
7.07          -0.620515588223934
7.08          -0.444700411632657
7.09          -0.532955836169422
7.1           -0.108379284152761
7.11          0.142209565434605
7.12          0.805532016456127
7.13          0.283922245446593
7.14          0.303273532558233
7.15          0.356449116691947
7.16          0.277579514812678
7.17          0.557328858263791
7.18          0.783041578531265
7.19          0.250697324573994
7.2           0.183153432235122
7.21          -0.41091417632997
7.22          -0.295489737354219
7.23          -0.690176464989781
7.24          -0.439685766398907
7.25          -0.332462668642402
7.26          -0.776633980348706
7.27          -0.634807864353061
7.28          -0.48648205652833
7.29          -0.66946928165853
7.3           -0.604238913282752
7.31          -0.527564557157457
7.32          -0.273026397619396
7.33          -0.626516220197082
7.34          -0.893575881421566
7.35          -0.507153791114688
7.36          -1.1287953338027
7.37          -1.27453221380711
7.38          -1.05215617060661
7.39          -0.789847006648779
7.4           -0.461492518633604
7.41          -0.506989776715636
7.42          -0.526658713817596
7.43          -0.61762414008379
7.44          -0.74296651661396
7.45          -0.608513849191368
7.46          -0.758368886634707
7.47          -0.62972071364522
7.48          3.76510278624482E-02
7.49          0.887202781811357
7.5           0.973476913869381
7.51          0.81774429179728
7.52          1.1294818700105
7.53          1.06333253860474
7.54          1.1631719186157
7.55          1.36341018408537
7.56          0.8942583976686
7.57          0.527176265493035
7.58          0.618530019968748
7.59          0.601371329091489
7.6           0.720588564500213
7.61          -0.207201495319605
7.62          -0.395266515612602
7.63          -0.391076400876045
7.64          -0.153427083212882
7.65          -0.117189850425348
7.66          -0.288980635162443
7.67          -0.294128487277776
7.68          -0.244459496643394
7.69          -0.436370614394546
7.7           -0.626794328391552
7.71          -0.24648612331599
7.72          -0.05344931605272
7.73          -0.459205087870359
7.74          -0.440295813716948
7.75          -1.02016371488571
7.76          -1.18030689172447
7.77          -0.986008958816528
7.78          -0.808421052619815
7.79          -0.522953954525292
7.8           -0.302246834579855
7.81          -0.341412197649479
7.82          1.71746348182205E-02
7.83          0.664504118487239
7.84          0.755991116389632
7.85          0.491620955094695
7.86          0.425873912125826
7.87          2.35537997726351E-02
7.88          -0.268363279681653
7.89          -0.229272121433169
7.9           -0.277024741955102
7.91          -6.52157960180193E-02
7.92          8.74084462132305E-02
7.93          0.268072051797062
7.94          0.261897830609232
7.95          0.34248779296875
7.96          0.770541766360402
7.97          0.304538230486214
7.98          0.409094157367945
7.99          0.868183762729168
8             0.80003292940557
8.01          1.16458109758794
8.02          0.956407575756311
8.03          0.909579929932952
8.04          1.15908997736871
8.05          1.2413133046031
8.059999      1.06296379856765
8.07          1.48531205892563
8.08          1.30561498895288
8.09          0.725385985672474
8.099999      0.46494420312345
8.11          0.355225842632353
8.12          -0.10360357076861
8.13          0.103635593410581
8.139999      -0.253848169818521
8.15          -0.623630838543177
8.16          -0.297074003890157
8.17          -0.644939846545458
8.179999      -0.892045884355903
8.19          -0.778578471913934
8.2           -1.05717658996582
8.21          -0.970636263415217
8.22          -0.525637534148991
8.23          -0.226392733175308
8.24          0.126409274116158
8.25          -4.95381363434717E-02
8.26          -0.536139864362776
8.27          -0.357846126146615
8.28          -0.284413722194731
8.29          0.190309364385903
8.3           0.47226520948112
8.309999      -7.25814056675881E-02
8.32          -0.187954873368144
8.33          -0.327172729186714
8.34          -0.261874185930938
8.349999      -5.30846188170835E-02
8.36          -0.419866153858602
8.37          -0.208694326020777
8.38          -6.65795814106241E-02
8.389999      0.29529791213572
8.4           0.790039014592767
8.41          0.638016816303134
8.42          0.536843649856746
8.429999      0.673176343291998
8.44          0.635632029399276
8.45          0.857702701762319
8.46          0.833712526112795
8.47          0.331563951596618
8.48          1.06921089068055
8.49          1.05141985997558
8.5           1.4145454005897
8.51          1.33085113316774
8.52          1.64111404359341
8.53          1.26759215354919
8.54          1.09074984043837
8.55          0.596391218975186
8.559999      0.498242086283863
8.57          0.263395174629986
8.58          0.188387987595052
8.59          9.59274374227971E-02
8.599999      -0.146971620088443
8.61          -0.198985079247504
8.62          0.20182585760951
8.63          0.306026986408979
8.639999      0.247118298690766
8.65          -0.422428769208491
8.66          -0.762478894516826
8.67          -1.02715815424919
8.679999      -1.049959006235
8.69          -1.16981574431062
8.7           -0.634698740690947
8.71          -1.01284102745354
8.72          -1.17262518525124
8.73          -0.551086699739099
8.74          -0.503208638168871
8.75          -0.627626314088702
8.76          -0.759580941349268
8.77          -0.564237818643451
8.78          -0.338538839332759
8.79          -0.501014470495284
8.8           -0.435251640044153
8.809999      -0.373549371957779
8.82          -0.854453842565417
8.83          -0.938147159814835
8.84          -0.317623129673302
8.849999      6.17627136781812E-02
8.86          0.345798888467252
8.87          3.85241884645075E-02
8.88          -0.207365125995129
8.889999      0.184212691895664
8.9           0.55002890188247
8.91          0.360544616170228
8.92          0.338905240483582
8.929999      0.174932904839516
8.94          0.352583778239787
8.95          0.760511233359575
8.96          0.265588501766324
8.97          0.137693760786206
8.98          -0.206753635145724
8.99          -0.469658593833447
9             -0.483918344825506
9.01          -0.509005787037313
9.02          -0.867703267782927
9.03          -1.15924573257566
9.04          -0.813349012881517
9.05          -0.555636235512793
9.059999      9.18796018883586E-02
9.07          6.32995675178245E-02
9.08          0.342816625759006
9.09          0.627273800075054
9.099999      0.324559352695942
9.11          0.281650382895023
9.12          0.457877514101565
9.13          0.300443352274597
9.139999      0.197403206415474
9.15          -0.091391925830394
9.16          0.52782377153635
9.17          0.867022067159414
9.179999      0.566278058364987
9.19          0.549972439706326
9.2           0.33470394294709
9.21          0.352056980654597
9.22          0.619261799007654
9.23          0.582263030335307
9.24          0.300500545352697
9.25          0.246812288314104
9.26          -2.21858550910838E-02
9.27          -0.336675916425884
9.28          -0.134927616650239
9.29          9.29443433135748E-02
9.3           -0.31167406283319
9.309999      -0.381129373423755
9.32          -0.805461192056537
9.33          -0.779282695949078
9.34          -0.570474422313273
9.349999      -0.622377414777875
9.36          -0.677049465849996
9.37          -0.60081441834569
9.38          -0.426176213175058
9.389999      -0.418720538131893
9.4           -5.70007823640481E-02
9.41          0.485327523797751
9.42          0.602319345474243
9.429999      0.34197765994817
9.44          0.343918825909495
9.45          0.527525380812585
9.46          0.290330647621304
9.469999      0.392358512543142
9.48          1.2265006993711
9.49          1.66003636434674
9.5           1.18546844825149
9.51          1.12567109338939
9.52          0.696799825429916
9.53          1.0474673614651
9.54          0.620445129275322
9.55          0.251461336389184
9.559999      0.52993563964963
9.57          0.412687636837363
9.58          0.103530398346484
9.59          0.147100112652406
9.599999      -0.231985996942967
9.61          -0.508124903999269
9.62          -0.233841537740082
9.63          -0.523747385144234
9.639999      -0.758269630149007
9.65          -0.698650396093726
9.66          -1.30305025398731
9.67          -1.40400520965457
9.679999      -0.825519846081734
9.69          -0.344150375649333
9.7           -0.329703696481884
9.71          -0.773195671364665
9.719999      -0.264561292156577
9.73          0.587809004746378
9.74          0.325854657143354
9.75          0.386932588778436
9.76          0.502912695966661
9.77          0.324139486066997
9.78          2.53780122846365E-02
9.79          -0.481368410624564
9.8           -0.399109123013914
9.809999      -0.297508013471961
9.82          -0.357115260735154
9.83          -0.313586138896644
9.84          -0.275088929850608
9.849999      -0.532686060257256
9.86          -0.587255711965263
9.87          -0.17363900737837
9.88          -9.75034173578024E-02
9.889999      -6.13032687082887E-02
9.9           -0.409400734193623
9.91          -0.762445711567998
9.92          -0.700891633853316
9.929999      -0.456178605593741
9.94          -0.552779614850879
9.95          -0.587111212648451
9.96          -8.88988375291228E-02
9.969999      0.997677662372589
9.98          0.682274610847235
9.99          0.43724155716598
10            0.333303388617933
10.01         0.401638263054192
10.02         0.256166042648256
10.03         0.941912620514631
10.04         0.555287193283439
10.05         -0.429313463643193
10.06         -0.709651859253645
10.07         -1.12964544586837
10.08         -0.797989912256599
10.09         -0.627645098268986
10.1          -0.907270133569837
10.11         -0.758867727220058
10.12         -0.430624226666987
10.13         0.211488436292857
10.14         -7.88676832616329E-02
10.15         -0.118101303437725
10.16         2.54832324734889E-02
10.17         0.159160479158163
10.18         0.16982413770631
10.19         -0.366015600040555
10.2          -0.902534400522709
10.21         -0.854582554399967
10.22         -0.726468378379941
10.23         -1.00263734377921
10.24         -0.773819276914001
10.25         -0.513297497145832
10.26         -0.373616139851511
10.27         0.412092499919236
10.28         0.588172628469765
10.29         0.292050953283906
10.3          -4.80739752715454E-02
10.31         -0.152357453880832
10.32         -0.249334484785795
10.33         -0.673936773687601
10.34         -1.05250685736537
10.35         -0.222842285558581
10.36         0.127179727004841
10.37         0.684527689218521
10.38         0.635745246112347
10.39         0.122444934993982
10.4          -9.20543514098972E-02
10.41         0.21833375338465
10.42         0.206099240351468
10.43         -0.255559083390981
10.44         -0.361723268665373
10.45         0.357829498127103
10.46         0.427119661420584
10.47         0.585535132214427
10.48         0.751804656162858
10.49         1.03308145679533
10.5          1.06545939020813
10.51         0.898748328387737
10.52         0.866849793568254
10.53         0.759378993138671
10.54         0.389320189654827
10.55         0.578733724057674
10.56         0.66211531162262
10.57         0.428674582242966
10.58         0.199442477691919
10.59         -8.27173164580017E-02
10.6          0.304380721114576
10.61         0.646054106578231
10.62         0.031558352492284
10.63         -0.399642242901027
10.64         -0.222067840117961
10.65         0.213578395619988
10.66         0.646610761508346
10.67         0.633732707574964
10.68         1.09052961967885
10.69         1.31901680722833
10.7          0.816837461739779
10.71         -6.32238506432623E-02
10.72         -0.140398609656841
10.73         -0.259434416927397
10.74         -0.459075791314244
10.75         -0.68975283421576
10.76         -0.748932138383389
10.77         -0.534880154840648
10.78         -0.621097240000963
10.79         -0.512296088375151
10.8          0.128489567264915
10.81         0.293534848708659
10.82         0.613902241140604
10.83         0.243092874437571
10.84         0.303672349210829
10.85         0.543106164000928
10.86         0.129682929161936
10.87         -0.350833560414612
10.88         4.37593102734536E-02
10.89         3.37692052870989E-02
10.9          0.574695454202592
10.91         0.62163182169199
10.92         0.872879953980446
10.93         0.733174184560776
10.94         0.413467289954424
10.95         0.574222779907286
10.96         0.62079260006547
10.97         0.47258370000869
10.98         0.117271409947425
10.99         0.133228753823787
11            0.200721391662955
11.01         0.414976017773151
11.02         3.23615463625174E-03
11.03         -0.179042346272618
11.04         -0.368788642063737
11.05         -0.180733269676566
11.06         -0.338639630712569
11.07         4.72335796337575E-02
11.08         0.367521331161261
11.09         0.363771255947649
11.1          0.266324885487556
11.11         0.277434704862535
11.12         0.189037028532475
11.13         -0.137521267924458
11.14         -0.902030516713858
11.15         -0.71888592839241
11.16         -0.329605097807944
11.17         -0.534977766796947
11.18         -0.910744622200727
11.19         -1.14407315813005
11.2          -0.979886046946049
11.21         -1.03800919778645
11.22         -0.815911408960819
11.23         -0.848308272734284
11.24         -0.757262812703848
11.25         -0.372322004847229
11.26         -0.522898990698159
11.27         -1.17739819429815
11.28         -0.792557118013501
11.29         -0.386094828955829
11.3          -0.660781196281314
11.31         -0.546883867308497
11.32         -1.07140052676201
11.33         -0.816410688087344
11.34         -0.581915742270648
11.35         -0.733288936167955
11.36         -0.293838447108865
11.37         -0.262218111846596
11.38         -0.893554100543261
11.39         -0.560749917961657
11.4          -0.110709043275565
11.41         0.286799733359367
11.42         -0.296382808182389
11.43         -0.560068022981286
11.44         -0.560373174548149
11.45         -0.676965704485774
11.46         -0.555713053308427
11.47         -0.728523163050413
11.48         -0.641546926572919
11.49         -0.730904222354293
11.5          -0.762020984441042
11.51         -0.925569872036576
11.52         -0.635522686466575
11.53         -0.60204682867974
11.54         -0.563659675195813
11.55         -0.406650971397758
11.56         -0.371286645680666
11.57         -0.192805467657745
11.58         -0.208479568753392
11.59         0.114545483691618
11.6          0.260977186504751
11.61         0.472563600204885
11.62         0.390924117453396
11.63         0.631930230259895
11.64         1.10167338944972
11.65         0.671282576322556
11.66         0.553372887969017
11.67         0.41570439811796
11.68         0.383562546037138
11.69         0.179626958202571
11.7          0.499297252893448
11.71         1.09761162109673
11.72         0.984576390981674
11.73         0.657966565936804
11.74         0.558411287516355
11.75         0.272030488885939
11.76         -2.84282031934708E-02
11.77         -0.30145144879818
11.78         0.138851774437353
11.79         0.159276034757495
11.8          -0.103332963455468
11.81         0.779914487600327
11.82         1.10752579450607
11.83         1.18403434552252
11.84         0.865130127444863
11.85         0.472494456879795
11.86         0.732218749523163
11.87         0.188875572290272
11.88         0.57073593903333
11.89         0.862854464203119
11.9          -2.84310879721306E-02
11.91         -0.157157551981509
11.92         3.32441093330272E-02
11.93         -0.48209715642035
11.94         -0.205576828178018
11.95         -0.356923983693123
11.96         -0.572641071528196
11.97         -0.845684627071023
11.98         -0.652479173317552
11.99         -1.47688081249595
12            -1.28851860746741
12.01         -0.809191788733006
12.02         -0.925069496557117
12.03         -0.292255075927824
12.04         -9.74355690996163E-03
12.05         0.836528910622001
12.06         1.231432094872
12.07         1.26348886996508
12.08         0.948600738868117
12.09         0.576744464747608
12.1          0.622244025170803
12.11         1.40420547679067
12.12         1.29958753287792
12.13         0.659443864971399
12.14         0.582741259485483
12.15         0.111304399464279
12.16         3.81151506048627E-02
12.17         2.96481447969563E-02
12.18         0.334310681149364
12.19         0.63928748935461
12.2          0.79955206900835
12.21         0.879436729252338
12.22         0.879782592058182
12.23         0.940900248214603
12.24         0.525860239975154
12.25         0.255240866951644
12.26         0.199733157400042
12.27         -1.48762176849414E-02
12.28         -0.463500817939639
12.29         -0.876207458227873
12.3          -1.27028611198068
12.31         -1.04312923908234
12.32         -1.04212242163718
12.33         -0.827524198517203
12.34         -0.606501310653985
12.35         -0.539519043378532
12.36         -0.358947851210833
12.37         -0.177235337365419
12.38         3.19828146672808E-02
12.39         0.451614195965231
12.4          0.162597143612802
12.41         0.444055902287364
12.42         0.255699124205858
12.43         0.167207325976342
12.44         -5.59707222366706E-02
12.45         0.108853429388255
12.46         0.256744222640991
12.47         -9.04382632300258E-02
12.48         -0.390620902776718
12.49         0.011106355584925
12.5          0.449875636026263
12.51         0.512515358962119
12.52         0.249007132072002
12.53         2.96760492632166E-02
12.54         0.356058888137341
12.55         9.69701512902975E-02
12.56         0.328718879185617
12.57         0.321144871115685
12.58         0.178081191927195
12.59         0.35188397616148
12.6          0.794055101573467
12.61         1.09647733435035
12.62         0.529807475991547
12.63         0.514484481923282
12.64         0.347996272109449
12.65         0.222610315550119
12.66         2.36457403865643E-02
12.67         -3.05002006050199E-02
12.68         -0.269019008371979
12.69         -4.13440801610705E-03
12.7          -3.02044137194753E-02
12.71         6.65114019624889E-02
12.72         0.114713582005352
12.73         1.88484836672433E-02
12.74         0.1755741982162
12.75         0.354175317250192
12.76         0.240236655771732
12.77         0.433558724932373
12.78         0.368664279095829
12.79         0.516209995262325
12.8          1.13536833509803
12.81         1.45886685669422
12.82         1.08524666033685
12.83         0.889911065921187
12.84         0.671615429073572
12.85         0.238068453390151
12.86         0.132714061802253
12.87         0.290608609635383
12.88         0.331499924585223
12.89         -8.51229032326955E-03
12.9          0.259164056293666
12.91         -0.114497271571308
12.92         -0.293968109115958
12.93         -0.280972855053842
12.94         -0.51596291385591
12.95         -0.46848904106766
12.96         -0.583708315864205
12.97         -0.10705501771532
12.98         0.118258876763284
12.99         0.200065882243216
13            0.381433282457292
13.01         0.383756125420332
13.02         0.503541015833616
13.03         0.628605211079121
13.04         9.43438835162669E-02
13.05         -0.326660220734775
13.06         -0.293493863381445
13.07         -0.162962466683239
13.08         -0.122243370506912
13.09         -0.652828471362591
13.1          -0.575526014640927
13.11         -0.816510456204414
13.12         -0.671232728809118
13.13         -0.922210646644235
13.14         -1.21805220365524
13.15         -1.12239387519658
13.16         -1.03073570005596
13.17         -0.593390427902341
13.18         -0.532763864770532
13.19         -0.22264157988131
13.2          -0.525568756274879
13.21         -0.557653269097209
13.22         -0.556500965617597
13.23         -0.943943650871515
13.24         -1.39696326166391
13.25         -1.56186453714967
13.26         -1.38966198965907
13.27         -1.0570407152921
13.28         -0.897107453495264
13.29         -1.00649058580399
13.3          -0.952595264241099
13.31         -0.438087393455207
13.32         -0.680603257343173
13.33         -0.459075937494636
13.34         -0.32996353212744
13.35         -0.337187328524888
13.36         -0.268411172032356
13.37         -7.46319922199473E-02
13.38         3.08578098047292E-03
13.39         -0.219107157289982
13.4          -0.570669755861163
13.41         -0.325160409919918
13.42         -0.146045631263405
13.43         -0.445484486706555
13.44         -0.2998418016918
13.45         -0.346109265983105
13.46         -0.26786160685122
13.47         -0.315371878556907
13.48         -0.154410073254257
13.49         6.32186521030963E-02
13.5          0.307897711694241
13.51         0.411180992089212
13.52         0.244896795284003
13.53         0.218419031370431
13.54         0.111571799945086
13.55         -0.227508089561015
13.56         -7.25326179619879E-02
13.57         -6.05093858437613E-02
13.58         -0.136696947561577
13.59         9.67177617084235E-02
13.6          -3.38265239889734E-02
13.61         -0.294400766529143
13.62         -0.53897832211107
13.63         -0.43654668867588
13.64         0.101875280002132
13.65         0.395552005916834
13.66         0.689475676193833
13.67         1.12849310584366
13.68         1.30649338692427
13.69         1.43989936619997
13.7          1.71661139175296
13.71         1.63420702010393
13.72         1.90481586813927
13.73         1.85306084677577
13.74         1.93449662715197
13.75         1.86412246316671
13.76         1.82186595126987
13.77         1.79298991531134
13.78         1.74064651787281
13.79         0.889838414266706
13.8          0.384833876900375
13.81         5.46326874336228E-02
13.82         -0.468931273296475
13.83         -0.258886404912919
13.84         -0.881107498034835
13.85         -1.28847548425198
13.86         -1.18181152649224
13.87         -1.099504949525
13.88         -0.889210569486022
13.89         -0.922888704389334
13.9          -1.06645370922983
13.91         -0.589792928472161
13.92         -0.335814913921058
13.93         -4.31070168223232E-02
13.94         0.141800845060498
13.95         0.712300282493234
13.96         0.722517487853766
13.97         0.413160822764039
13.98         0.469482336826622
13.99         0.312494756095111
14            0.112402771515772
14.01         0.12850411221385
14.02         -0.118097539292648
14.03         4.52355769090354E-02
14.04         0.244704458434135
14.05         0.237899158224463
14.06         5.63292936002836E-02
14.07         0.479119388759136
14.08         0.641469524055719
14.09         -0.060480350763537
14.1          0.220061532519758
14.11         0.244292777907103
14.12         -9.69899678695947E-02
14.13         0.23595494074747
14.14         0.646970219090581
14.15         0.741327395886183
14.16         0.133376469109207
14.17         -0.365311997272074
14.18         -8.79060077201575E-02
14.19         9.00076694728341E-03
14.2          5.89702844806015E-02
14.21         8.99827834032476E-02
14.22         0.270628856476396
14.23         -3.28841172787361E-02
14.24         -0.20415460260585
14.25         -0.338725877143443
14.26         -0.540917624272406
14.27         -0.836557050347328
14.28         -0.642102485150099
14.29         -0.747683757841587
14.3          -0.753918643891811
14.31         -0.581648414880037
14.32         -0.527626939639449
14.33         -0.789245912879705
14.34         -0.667425825968385
14.35         -0.264051999673247
14.36         -0.51675755046308
14.37         -0.520550566166639
14.38         -7.57729484466836E-02
14.39         -3.88191211083904E-02
14.4          0.104306716723368
14.41         4.32584962528199E-02
14.42         0.366406596042216
14.43         0.555508071854711
14.44         0.166083491127938
14.45         6.30936633003876E-02
14.46         -0.049606356904842
14.47         -0.203384633939713
14.48         2.42935890401714E-02
14.49         0.242105334531516
14.5          0.159448344893754
14.51         0.294152022320777
14.52         0.380668576285243
14.53         0.207073806747794
14.54         0.316436108350754
14.55         -9.21496427524835E-02
14.56         -0.117051910953596
14.57         6.28271490382031E-02
14.58         1.13735813344829E-02
14.59         0.197898556943983
14.6          0.508434367887676
14.61         0.792968761995435
14.62         1.36925710737705
14.63         1.24323221459985
14.64         1.03087815284729
14.65         0.846813870593905
14.66         0.766618284657598
14.67         0.85915785446763
14.68         0.418727518245578
14.69         0.297319221496582
14.7          -8.91876077558845E-02
14.71         -4.60256819240749E-02
14.72         -0.263566571138799
14.73         -0.377440547794104
14.74         -0.53696271378547
14.75         -0.580643680505455
14.76         -0.516266859434545
14.77         -0.674256762564182
14.78         -0.931168434843421
14.79         -1.17090244933963
14.8          -1.0256739847362
14.81         -0.844382305964828
14.82         -0.712288149520755
14.83         -0.794943659082055
14.84         -0.763870312571526
14.85         -0.300287597067654
14.86         -7.85477948840708E-02
14.87         -0.238406842723489
14.88         -7.82187336869538E-02
14.89         -0.186121551990509
14.9          -0.399788496382535
14.91         -0.265883530341089
14.92         -0.168245681840926
14.93         -0.282661750204861
14.94         -0.479833699241281
14.95         -0.647675320208073
14.96         -0.632584533691406
14.97         -0.540523777753115
14.98         -0.814788305014372
14.99         -0.492279205396771
15            -0.405754520148039
15.01         -0.265694409459829
15.02         -0.140880502453074
15.03         -9.0089193591848E-03
15.04         0.260545954350382
15.05         0.462406474985182
15.06         0.163504119850695
15.07         0.488846999444068
15.08         0.571748311333358
15.09         0.475221598260105
15.1          0.343847270607948
15.11         1.25448551459704E-02
15.12         -0.477547328285873
15.13         -0.367615507878363
15.14         -0.666137611269951
15.15         -0.716264329254627
15.16         -0.904793764650822
15.17         -0.890188662484288
15.18         -0.866500495523214
15.19         -0.682760368287563
15.2          -0.527217890359461
15.21         -0.280526164323092
15.22         -0.327612110897899
15.23         -0.496573035120964
15.24         -0.318080162666738
15.25         -0.221013331320137
15.26         -0.301998236551881
15.27         -0.25181169424206
15.28         -7.01207191636786E-02
15.29         0.408724174797535
15.3          0.606654909700155
15.31         0.646806497052312
15.32         0.577226092591882
15.33         0.47932762272656
15.34         0.417676517777145
15.35         0.332086107954383
15.36         0.308576719611883
15.37         0.231529749669135
15.38         0.312062939219177
15.39         0.232317607160658
15.4          0.447901616021991
15.41         0.738956276848912
15.42         0.492495844736695
15.43         0.496886336244643
15.44         0.192955065015703
15.45         -1.89457335986663E-02
15.46         -5.70953428046778E-02
15.47         -0.340207817405462
15.48         -0.331578752361238
15.49         -0.359759371653199
15.5          -0.656124400645494
15.51         -0.760300879776478
15.52         -0.8568853341043
15.53         -0.703937156125903
15.54         -0.469373907521367
15.55         -0.205652969889343
15.56         0.178071872927248
15.57         0.368251794576645
15.58         0.425054753758013
15.59         0.551426496058703
15.6          0.518634725958109
15.61         0.264297637548298
15.62         0.577775584682822
15.63         0.333595274314284
15.64         0.154218083582819
15.65         0.148121127868071
15.66         -5.64108120091259E-02
15.67         -1.49571102589834E-02
15.68         -4.35763015598059E-02
15.69         0.12887434146367
15.7          1.15633874363266E-02
15.71         0.393999021984637
15.72         0.449453357420862
15.73         0.629209301546216
15.74         0.236135747618973
15.75         0.268900620527565
15.76         0.42490725774318
15.77         0.73850187510252
15.78         0.86213350251317
15.79         0.640803745463491
15.8          0.492918963879347
15.81         0.467229039184749
15.82         0.169249740131199
15.83         -0.183665666598827
15.84         -0.208047441244125
15.85         -0.450700531974435
15.86         -0.61966028675437
15.87         -0.598060599043965
15.88         -0.422043035700917
15.89         -0.505755685307086
15.9          -0.44605594240129
15.91         -0.384110685959458
15.92         -0.419259505234659
15.93         -0.518868029862642
15.94         -0.490601602680981
15.95         -0.390454330220819
15.96         -0.267942517697811
15.97         0.032863743386697
15.98         1.68908884003758E-02
15.99         0.15159952682443
16            0.307228278592229
16.01         0.412820222452283
16.02         0.279458079021424
16.03         1.44372208393179E-02
16.04         5.86358694266528E-02
16.05         4.94743480172474E-03
16.06         0.171418819595128
16.07         -5.71635496616364E-02
16.08         -5.78894403716549E-02
16.09         0.15507696647197
16.1          0.216126868017018
16.11         0.194973779674619
16.12         0.321443225294352
16.13         0.327621868439019
16.14         0.318256748579443
16.15         0.450283990949392
16.16         0.381768437549472
16.17         0.365986290872097
16.18         0.27652102259919
16.19         0.130231562443078
16.2          0.070940672387369
16.21         -3.42530349735171E-02
16.22         0.157044390086085
16.23         0.136079554678872
16.24         0.386506326757371
16.25         0.475568301603198
16.26         0.417560925632715
16.27         0.341884433403611
16.28         0.268396773263812
16.29         0.22298632806167
16.3          0.29888329686597
16.31         0.488954113125801
16.32         0.509680884629488
16.33         0.553603524081409
16.34         0.423687565103173
16.35         0.248878018241376
16.36         0.361452981121838
16.37         0.402135203294456
16.38         0.375035039819777
16.39         0.338680268861353
16.4          0.213684613946825
16.41         0.292180706653744
16.42         0.255001131109893
16.43         0.188576395846903
16.44         -4.63289331458509E-02
16.45         -7.09756460459903E-02
16.46         -0.176526399012655
16.47         2.66048380709253E-02
16.48         0.098585060890764
16.49         -3.52717318595387E-02
16.5          -8.96935929078609E-02
16.51         -0.218132170625031
16.52         -8.86005564406514E-02
16.53         -3.81036120612407E-03
16.54         -5.49127233820036E-02
16.55         0.244755822569132
16.56         0.277521883193403
16.57         0.303037506043911
16.58         0.366526573598385
16.59         0.277418058570474
16.6          0.223674855977297
16.61         0.208390234261751
16.62         0.390424107424915
16.63         0.613583056256175
16.64         0.388657371215522
16.65         0.642502361610532
16.66         0.696690190136433
16.67         0.71766999989748
16.68         0.469497247226536
16.69         0.484030282460153
16.7          0.434630702286959
16.71         0.251051135938615
16.72         0.127151833958924
16.73         -0.105539656961337
16.74         -0.337349077127874
16.75         -0.410027592256665
16.76         -0.609005453847349
16.77         -0.574283006228507
16.78         -0.577598487138748
16.79         -0.418329432494938
16.8          -0.395809283405542
16.81         -0.644809526726604
16.82         -0.680693669915199
16.83         -0.73152965515852
16.84         -0.777011418119073
16.85         -0.775559408292174
16.86         -0.91045518502593
16.87         -0.679822434782982
16.88         -0.579291438795626
16.89         -0.479235236719251
16.9          -0.210932018905878
16.91         -0.315400201007724
16.92         -0.339054892659187
16.93         -0.336875233389437
16.94         -0.137401637546718
16.95         -5.70839361660183E-02
16.96         -0.03301593773067
16.97         -1.81140151375439E-02
16.98         -0.035813432992436
16.99         -0.221223794538528
17            -0.456815696284175
17.01         -0.463977768011391
17.02         -0.316079282015562
17.03         -0.275484859440476
17.04         -0.452535607516766
17.05         -0.58415241189301
17.06         -0.65122691899538
17.07         -0.694551424831152
17.08         -0.674619655385614
17.09         -0.735455695018172
17.1          -0.657937549129129
17.11         -0.711373498812318
17.12         -0.851420307084918
17.13         -0.723240788429976
17.14         -0.734027439504862
17.15         -0.761976253241301
17.16         -0.760401086434722
17.17         -0.782068748027086
17.18         -0.61945519566536
17.19         -0.445478310585022
17.2          -0.376161177009344
17.21         -0.207989535536617
17.22         -0.138406463284045
17.23         -8.20577596686781E-02
17.24         3.45850586076267E-02
17.25         0.21787240806967
17.26         0.422005430795252
17.27         0.583964898996055
17.28         0.787937963828445
17.29         0.899422146901488
17.3          0.840450930520892
17.31         0.87965980052948
17.32         0.759254081994295
17.33         0.625865863636136
17.34         0.663731262758374
17.35         0.733366631045938
17.36         0.531449118331075
17.37         0.563714200481772
17.38         0.496379309557378
17.39         0.229115927685052
17.4          0.128809062782675
17.41         -0.111437058169395
17.42         -0.119387562973425
17.43         -0.207122758906335
17.44         -0.421750017106533
17.45         -0.418255867213011
17.46         -0.276861421912909
17.47         -0.480950188525021
17.48         -0.316569826863706
17.49         -0.140201503671706
17.5          -2.57363324007019E-02
17.51         9.41448863223195E-02
17.52         1.77009721635841E-03
17.53         -0.123000118983909
17.54         -1.00325989408884E-02
17.55         0.124365480383858
17.56         0.184805891923606
17.57         0.246796299833804
17.58         0.225622271150351
17.59         0.122341320505366
17.6          0.118284668466076
17.61         5.42949833208695E-02
17.62         0.213112591803074
17.63         9.86215054895729E-02
17.64         -7.55996378883719E-02
17.65         0.115864798268303
17.66         0.1969232596457
17.67         0.145298165241256
17.68         0.176126906275749
17.69         0.145862330188975
17.7          0.263500387966633
17.71         0.331289717182517
17.72         0.211340118013322
17.73         0.34712993402034
17.74         0.529759199917316
17.75         0.400181465819478
17.76         0.413144706375897
17.77         0.366512430645525
17.78         0.309255544804037
17.79         0.221264524050057
17.8          2.41208883281797E-02
17.81         -3.63545311312191E-02
17.82         1.62428798619658E-02
17.83         -0.158506705630571
17.84         -0.196330004800111
17.85         -0.166831185556948
17.86         -0.138908355385065
17.87         -0.153197744451463
17.88         -0.129733215216547
17.89         -8.05835669673979E-02
17.9          -0.196200287975371
17.91         -0.151895871022716
17.92         -0.118356068450958
17.93         -0.0534096920304
17.94         1.32741342717782E-02
17.95         -4.08807625528425E-02
17.96         -0.113197161443532
17.97         -7.48469048039988E-02
17.98         -4.49132993957028E-02
17.99         -0.106450525252149
18            -0.171871850900352
18.01         -0.105749133462086
18.02         -2.39710488589481E-02
18.03         2.54303471487947E-02
18.04         6.70898160722572E-03
18.05         -5.29551486717537E-03
18.06         9.33994668256491E-02
18.07         1.08896991144866E-02
18.08         4.12898072646931E-02
18.09         2.28529538749717E-02
18.1          -4.84774925373495E-02
18.11         -0.112380314553157
18.12         -0.122326273061335
18.13         -0.196458150185645
18.14         -0.134980369498953
18.15         -1.56916770036332E-02
18.16         0.111614411529154
18.17         0.16096651962027
18.18         0.142420595102012
18.19         0.147268073922023
18.2          0.129177729729563
18.21         0.115772750303149
18.22         0.323311447240412
18.23         0.376381105408073
18.24         0.377019511722028
18.25         0.370468656755984
18.26         0.316218336112797
18.27         0.141109585398808
18.28         0.105648853713647
18.29         8.38606937974691E-02
18.3          4.35825918847695E-02
18.31         1.04014668858144E-02
18.32         -1.31281731510535E-02
18.33         -2.56891252705827E-02
18.34         3.19360917597078E-02
18.35         3.58331604930572E-02
18.36         -5.00435139331967E-02
18.37         -5.54473233455792E-02
18.38         -8.69484530668706E-02
18.39         -0.13421161595732
18.4          -0.127312449663878
18.41         -0.099152715895325
18.42         -1.79882783023641E-02
18.43         4.64956107689068E-02
18.44         8.27354336902499E-02
18.45         0.141540570873767
18.46         0.247924593184143
18.47         0.216981219314039
18.48         0.182065576035529
18.49         7.70547631848603E-02
18.5          0.176772658154368
18.51         0.213524582963437
18.52         0.137690261593089
18.53         0.148657993627712
18.54         0.217364065758884
18.55         0.126251061251387
18.56         0.108226324645802
18.57         0.257928941622376
18.58         0.352839813195169
18.59         0.240807672925293
18.6          0.215681511182338
18.61         0.152119636656716
18.62         0.132781569734216
18.63         0.173281121235341
18.64         6.29196264082566E-02
18.65         7.86838066019118E-02
18.66         5.24781118053943E-02
18.67         -2.03070510551333E-02
18.68         -0.156950980816036
18.69         -0.254890198465437
18.7          -0.293457080740482
18.71         -0.285382605828345
18.72         -0.328758347891271
18.73         -0.350525594875217
18.74         -0.348451295122504
18.75         -0.340793014056981
18.76         -0.396352014653385
18.77         -0.300897333752364
18.78         -0.298323444239795
18.79         -0.33491542942822
18.8          -0.384206616841257
18.81         -0.289845036361367
18.82         -0.224398174826056
18.83         -0.255473275501281
18.84         -0.138303579697385
18.85         9.76616276529967E-04
18.86         0.105984730571508
18.87         0.18500908266753
18.88         0.241096196472645
18.89         0.270775018595159
18.9          0.261663046628237
18.91         0.276465327870101
18.92         0.254555719457567
18.93         0.242453572768718
18.94         0.210848257541657
18.95         0.10688828070648
18.96         9.45806135237217E-02
18.97         4.83778523281217E-02
18.98         6.67472457513213E-02
18.99         6.31302974768914E-03
19            -0.106492643477395
19.01         -0.1534646333009
19.02         -0.129027337515727
19.03         -0.142446112716571
19.04         -0.141634820681065
19.05         -0.209656430538744
19.06         -0.239625731371343
19.07         -0.207459375802428
19.08         -0.316072557717562
19.09         -0.314162564724684
19.1          -0.256053520292044
19.11         -0.27928317418322
19.12         -0.26363335730508
19.13         -0.213615032080561
19.14         -0.157197130322456
19.15         -0.146135623566806
19.16         -0.125128733888268
19.17         -3.81246043648571E-02
19.18         2.48478399880696E-03
19.19         -2.00854050368071E-02
19.2          -5.78244905965403E-02
19.21         -3.67399425851181E-02
19.22         1.26624153010198E-03
19.23         2.65431522298604E-02
19.24         8.94191757682711E-02
19.25         0.122356431903318
19.26         0.136637908956036
19.27         8.96877091471106E-02
19.28         9.76364963315427E-02
19.29         0.102646308476105
19.3          7.57076240843162E-02
19.31         9.88327795523219E-03
19.32         -2.12812268757261E-02
19.33         -3.79412210639566E-02
19.34         -3.77112724562176E-02
19.35         -5.08658014750108E-02
19.36         4.77978473645635E-04
19.37         8.23080284928437E-03
19.38         -2.23792586009949E-02
19.39         -3.61616027075797E-02
19.4          -4.09125887649134E-02
19.41         -3.48293214733712E-02
19.42         -2.76943593565375E-02
19.43         -3.47546484181657E-02
19.44         -6.97188601316884E-02
19.45         -7.09645683132112E-02
19.46         -6.38706440571696E-02
19.47         -7.89504487719387E-02
19.48         -4.73015672201291E-02
19.49         -5.33419237146154E-02
19.5          -4.30832625087351E-02
19.51         -7.12791804922745E-02
19.52         -6.49395470554009E-02
19.53         -1.08916554192547E-02
19.54         2.65108532155864E-02
19.55         3.40055698435754E-02
19.56         5.78968133451417E-02
19.57         6.57318630488589E-02
19.58         6.99685545125976E-02
19.59         7.93916668742895E-02
19.6          7.81915624067187E-02
19.61         6.98911337228492E-02
19.62         7.49572435906157E-02
19.63         6.76588221034035E-02
19.64         5.83050997462124E-02
19.65         5.70486016245559E-02
19.66         4.97307472815737E-02
19.67         3.29907627264038E-02
19.68         -5.93138186784927E-03
19.69         -3.75254857441178E-03
19.7          0.016758238831535
19.71         4.55594395659864E-02
19.72         0.038494189507328
19.73         1.61725693778135E-02
19.74         1.36022532905918E-02
19.75         3.13104853662662E-02
19.76         3.02698294445872E-02
19.77         1.87123691663146E-02
19.78         -1.99353665680974E-03
19.79         -9.64831581688486E-03
19.8          4.28580636216793E-03
19.81         1.55998928484041E-02
19.82         -3.11142621736508E-03
19.83         -2.16905034205411E-03
19.84         -9.08927917422261E-03
19.85         -7.63330534624402E-03
19.86         5.18541819183156E-03
19.87         -1.16901922163379E-03
19.88         -0.011752742434619
19.89         -1.23416666861158E-02
19.9          -7.57441748923156E-03
19.91         -3.78361875977134E-03
19.92         -3.52473014616407E-03
19.93         -6.54738146869931E-03
19.94         -6.3083160010865E-03
19.95         -7.23071712534875E-03
19.96         -6.3275581371272E-03
19.97         -5.00549182877876E-03
19.98         -4.45939643337624E-03
19.99         -2.86626171553507E-03
20            -1.05710057330725E-03
