Horizontal-Spectrum-NTC - Comune Mercato San Severino (SA) - SLV q=1 VR=50 Suolo=C Topo=T1 h/H=1 (10)
Time (s)      Acc. (m/s^2)
0             -4.99102682224475E-03
0.01          -5.83615505020134E-03
0.02          -3.73610870505217E-03
0.03          -4.17687163535447E-04
0.04          4.29816745599965E-04
0.05          2.04488049214706E-02
0.06          2.46994726010598E-02
0.07          1.68779217428528E-02
0.08          2.26614181621699E-03
0.09          1.24219220050145E-02
9.999999E-02  1.53611066081794E-03
0.11          -4.20977657020558E-03
0.12          6.40591810733895E-04
0.13          -9.20406618446577E-03
0.14          -2.03568643075414E-02
0.15          -0.034923413679935
0.16          -2.84076351555996E-02
0.17          -5.22209074068815E-02
0.18          -0.132215869892389
0.19          -0.104673163555562
0.2           -9.20863740518689E-02
0.21          -0.115167828435078
0.22          -8.61147680226713E-02
0.23          -0.02334517294541
0.24          -1.94242356950417E-02
0.25          -1.81834896525834E-02
0.26          -4.50609415909275E-02
0.27          -1.08765188965481E-02
0.28          -2.50051106745377E-02
0.29          2.88771368796006E-02
0.3           0.100736726615578
0.31          0.154395327307284
0.32          0.191017370838672
0.33          0.161550400648266
0.34          5.61087439348921E-02
0.35          3.73284305795096E-02
0.36          -4.17766153765842E-02
0.37          -6.12576558580622E-02
0.38          -0.174813292734325
0.39          -0.245049645155668
0.4           -0.266777131073177
0.41          -0.265089350547642
0.42          -0.32020007070154
0.43          -0.320941899642348
0.44          -0.388443582393229
0.45          -0.41912790633738
0.46          -0.370948822796345
0.47          -0.379039761275053
0.48          -0.359084785692394
0.49          -0.286735541895032
0.5           -0.309479748979211
0.51          -0.400785008110106
0.52          -0.480807224102318
0.53          -0.447279910817742
0.54          -0.360456359758973
0.55          -0.279483697135001
0.56          -0.215151406265795
0.57          -0.312839887998998
0.58          -0.198125611636788
0.59          -0.138407130232081
0.6           -0.151239036843181
0.61          6.04453862411901E-03
0.62          -4.16920545883477E-02
0.63          -0.119775580549613
0.64          -0.21466104414314
0.65          -0.383698201440275
0.66          -0.54876349132508
0.67          -0.492573101073503
0.68          -0.402836174815893
0.69          -0.38988141272217
0.7           -0.589344373941422
0.71          -0.434391953162849
0.72          -0.534420709870756
0.73          -0.454907274730504
0.74          -0.117094970215112
0.75          0.168020819853991
0.76          0.335578796043992
0.77          0.332606400512159
0.78          0.509477036073804
0.79          0.475496490485966
0.8           0.612778808288276
0.81          0.569809118807316
0.82          0.630411050543189
0.83          0.261845735572279
0.84          0.229423728771508
0.85          0.117458630483598
0.86          0.255752279050648
0.87          0.32990951847285
0.88          -5.58713835244998E-02
0.89          -9.52771722245962E-02
0.9           1.01888223818969E-02
0.91          -9.75627300515771E-02
0.92          -7.34497354645282E-02
0.93          0.334550343900919
0.94          0.491029034145176
0.95          0.377580369338393
0.96          0.370696953982115
0.97          0.394440523311496
0.98          0.209231027327478
0.9899999     -8.10465476755053E-02
1             0.147721616858616
1.01          3.57388535840437E-02
1.02          0.14227232250385
1.03          0.205558921080083
1.04          0.119501565406099
1.05          0.308303983546794
1.06          0.247271897736937
1.07          0.249369184356183
1.08          0.389374276399612
1.09          0.350889510959387
1.1           0.224050027951598
1.11          0.16764076910913
1.12          0.229460602775216
1.13          0.115576631035656
1.14          -7.25260535487905E-03
1.15          -0.17382239067927
1.16          -0.276909880712628
1.17          -0.174942333474755
1.18          -0.210988225266337
1.19          -0.434032495580614
1.2           -0.670565415322781
1.21          -0.36882493134588
1.22          -0.233599810190499
1.23          -0.200430383048952
1.24          -0.058928147982806
1.25          -0.105575681291521
1.26          -0.124735188866034
1.27          -0.244611140526831
1.28          -0.262782075796276
1.29          -0.228192908149213
1.3           -6.41987185366452E-02
1.31          0.46115071233362
1.32          0.405658918172121
1.33          0.771974261105061
1.34          1.15633491553366
1.35          1.04157570697367
1.36          1.11170363008976
1.37          1.35443236917257
1.38          1.20438309453428
1.39          1.24829078704119
1.4           0.928579726293683
1.41          0.555649611018598
1.42          0.317796280346811
1.43          5.27365221921355E-02
1.44          -0.248412799146026
1.45          -3.08798950351775E-02
1.46          -0.132431933647022
1.47          -0.476429888829589
1.48          -0.304824506510049
1.49          0.257654250394553
1.5           0.332854760996997
1.51          0.276072340160608
1.52          0.392422795370221
1.53          0.400423613637686
1.54          0.233694260995835
1.55          0.418994005098939
1.56          0.646425550952554
1.57          0.705478409081697
1.58          0.579093474000692
1.59          0.595517316050828
1.6           0.566592602021992
1.61          0.546214507296681
1.62          0.312091298215091
1.63          0.320808583125472
1.64          8.60215232055634E-02
1.65          0.259469646401703
1.66          0.340696608088911
1.67          0.167826710566878
1.68          0.295453393254429
1.69          0.562372081764042
1.7           0.463570911437273
1.71          0.358951286450028
1.72          -0.45690007891506
1.73          -1.1587654569
1.74          -0.674125346392393
1.75          -0.456876214966178
1.76          -1.52534761559218E-02
1.77          0.248064250275493
1.78          0.159140470717102
1.79          -0.251459088865668
1.8           -0.270206376872957
1.81          -0.136752021024004
1.82          -0.26193993056193
1.83          -0.608746678009629
1.84          -0.279236834999174
1.85          -0.563281798884273
1.86          -0.326458857245743
1.87          -0.454974006079137
1.88          -1.04474855236709
1.89          -1.19432771086693
1.9           -1.03077845782042
1.91          -1.07422977514565
1.92          -0.959492639824748
1.93          -0.995499062910676
1.94          -0.379693187624216
1.95          0.127576149953529
1.96          -0.23101347707212
1.97          1.34772405051626E-02
1.98          -0.108015495976433
1.99          7.68135381303728E-02
2             0.108805884215981
2.01          8.25074836425483E-02
2.02          -0.275837903358042
2.03          -0.376676060892642
2.04          -0.476705073416233
2.05          -0.170337267424911
2.06          0.119335714615881
2.07          8.08592357765883E-02
2.08          0.248905244339257
2.09          0.64484373293817
2.1           0.682123752683401
2.11          0.959592334851623
2.12          0.843321036323905
2.13          0.261719289533794
2.14          0.241191359907389
2.15          0.113250206653029
2.16          -0.153168581463397
2.17          2.71839311200893E-03
2.18          -0.242707944922149
2.19          -0.348489996381104
2.2           8.41855888534337E-02
2.21          -0.090070080505684
2.22          -0.289431217946112
2.23          -0.470453961342573
2.24          -0.659394236728549
2.25          -5.11043952824548E-02
2.26          -8.35579633433372E-02
2.27          -0.216916022859514
2.28          -5.75254786061123E-02
2.29          -0.444274880513549
2.3           -0.668884925544262
2.31          -0.597161772362888
2.32          -0.989696870818734
2.33          -0.84922277726233
2.34          -0.563295576386154
2.35          -0.685425529181957
2.36          -0.15991966702044
2.37          -0.669644625037909
2.38          -0.670781762301922
2.39          -0.689792668372393
2.4           -0.951861438676715
2.41          -0.544444628208876
2.42          -0.232212138008326
2.43          -0.903767943754792
2.44          -0.979944153651595
2.45          -1.00870836161077
2.46          -1.07218536928296
2.47          -1.02757557235658
2.48          -0.632749790623784
2.49          -0.867692011892796
2.5           -1.25875759541988
2.51          -0.742942031398416
2.52          -8.80481590144336E-02
2.53          6.43970579188317E-02
2.54          -0.125388140128925
2.55          0.57862375985831
2.56          0.425519205406308
2.57          0.227696059271693
2.58          0.820665633827448
2.59          0.4048970990628
2.6           0.442315259277821
2.61          0.377571854330599
2.62          -8.50958998315036E-02
2.63          -0.347251848466694
2.64          -0.453760416470468
2.65          -0.181023657023907
2.66          -0.369139328822494
2.67          -0.634328246489167
2.68          -0.283453097753227
2.69          0.269803320989013
2.7           0.158336661290377
2.71          0.512015093117952
2.72          0.228312008623034
2.73          5.23420726787299E-02
2.74          -8.47467022854835E-02
2.75          -0.281813154760748
2.76          -0.435750992260873
2.77          -0.860014471560717
2.78          -0.572735869511962
2.79          -0.168031491022557
2.8           -3.14749086135998E-02
2.81          0.315895460173488
2.82          0.617020415067673
2.83          0.622436471655965
2.84          0.520933814607561
2.85          0.698607492148876
2.86          0.869978127032518
2.87          1.18249228857458
2.88          1.51841329291463
2.89          1.55294826418161
2.9           1.21297141179442
2.91          1.35174688920379
2.92          0.764151856005192
2.93          0.792405602037907
2.94          1.22406569950283
2.95          0.726924826651812
2.96          0.770625527724624
2.97          0.96723910421133
2.98          0.818862206339836
2.99          1.20393841378391
3             1.68809437483549
3.01          1.26201946467161
3.02          0.54437289018184
3.03          0.666326110884547
3.04          0.402154060564935
3.05          -4.43660776689649E-02
3.06          -0.302529017552733
3.07          -1.60163573571481E-02
3.08          4.34593389742076E-02
3.09          -0.217586077228189
3.1           -0.195477078761905
3.11          -0.239861538615078
3.12          -0.337618158683181
3.13          3.40160788432695E-02
3.14          -6.21919449884445E-02
3.15          -2.98803135193884E-02
3.16          0.341625072844327
3.17          0.413792760595679
3.18          0.343515075668693
3.19          0.322326995395124
3.2           0.456005783826113
3.21          0.352281696461141
3.22          0.275267763286829
3.23          0.458553415685892
3.24          0.418774442151189
3.25          0.369111700728536
3.26          0.196889674700797
3.27          0.202945800404996
3.28          0.311599401198328
3.29          2.12095870636404E-02
3.3           0.188970461636782
3.31          0.270650746989995
3.32          0.226491039488465
3.33          0.131599143957719
3.34          0.18735732447356
3.35          7.38150391203817E-03
3.36          0.212540624476969
3.37          -0.065050548221916
3.38          -4.40932228323072E-02
3.39          -7.04684731783345E-02
3.4           6.64090985292569E-02
3.41          -0.288737866077572
3.42          -0.575510775335133
3.43          -1.12202177301049
3.44          -1.21653426647186
3.45          -0.801765605583787
3.46          -0.505326938219368
3.47          -9.19949108082801E-02
3.48          -0.33944771591574
3.49          -0.390988729186356
3.5           -0.325764829292893
3.51          -0.549625919088721
3.52          -0.401009687371552
3.53          3.60653155110776E-02
3.54          -0.38110455930233
3.55          -0.479700309634209
3.56          -0.402452195473015
3.57          -0.277869134712964
3.58          -0.350411756895483
3.59          -0.610065188594162
3.6           -0.622702666148543
3.61          -0.35820777643472
3.62          -0.688584414348006
3.63          -0.568059631884098
3.64          -0.723396105095744
3.65          -1.15721835672855
3.66          -1.21734951451421
3.67          -0.984990373849869
3.68          -0.904538460597396
3.69          -0.548029629215598
3.7           -0.174123796373606
3.71          -0.116887796055526
3.72          -0.120261420216411
3.73          0.026563516985625
3.74          0.568083532378078
3.75          0.543235826008022
3.76          0.167816733755171
3.77          0.274843730516732
3.78          0.678362604305148
3.79          0.531277210190892
3.8           0.725273280590773
3.81          0.515876375064254
3.82          0.344567464850843
3.83          0.518694513738155
3.84          0.173324025180191
3.85          3.69023969653063E-02
3.86          0.167881327215582
3.87          1.03393697753549
3.88          0.834577840939164
3.89          0.636742050200701
3.9           0.687087819501758
3.91          1.22551113121212
3.92          1.23516861185431
3.93          1.18132671922445
3.94          0.907229787781835
3.95          1.12899487003684
3.96          0.820657009184361
3.97          0.86758157260716
3.98          0.694144239351153
3.99          0.43136565361172
4             0.200488252211362
4.01          9.12155957333744E-02
4.02          -0.296954611055553
4.03          -0.565158280022442
4.04          -8.00325217097998E-02
4.05          -0.19632026553154
4.06          -0.175769824124873
4.07          -0.443704850077629
4.08          -0.62682919241488
4.09          -0.945660466477275
4.1           -0.834070375710726
4.11          -0.612021447680891
4.12          -0.583755239769816
4.13          -0.946189493313432
4.14          -0.484223496392369
4.15          -0.911800921708345
4.16          -1.31473152905703
4.17          -1.21613263584673
4.18          -1.22252744324505
4.19          -1.39876698151231
4.2           -0.842817444875836
4.21          -0.848499695956707
4.22          -0.469878485687077
4.23          -0.639363430067897
4.24          -0.627024416327477
4.25          -0.260362717229873
4.26          -4.54420612799004E-02
4.27          -6.38859427487478E-02
4.28          0.480205691792071
4.29          0.5852108675614
4.3           0.572669576704502
4.31          0.179546065628529
4.32          -3.28116460656747E-02
4.33          -0.336134318076074
4.34          -0.503123013004661
4.35          0.197985570821911
4.36          -9.99691516533494E-02
4.37          -4.11673766188324E-02
4.38          2.94539852603339E-02
4.39          0.243201724011451
4.4           0.29070000892505
4.41          0.685128563717008
4.42          0.433184978216887
4.43          0.265224055778235
4.44          0.294969426523894
4.45          0.586797655709088
4.46          0.931226395368576
4.47          0.620484451800585
4.48          1.12492476940155
4.49          1.11808886267245
4.5           0.946141765415669
4.51          1.0441965021193
4.52          1.34702073097229
4.53          1.27260058611631
4.54          0.892879404947162
4.55          0.586333313696086
4.56          0.426809430085123
4.57          -4.64666990283877E-02
4.58          -0.157008539345115
4.59          0.110988366594538
4.6           -0.366936938501895
4.61          -0.548903459049761
4.62          -0.271851070728153
4.63          -0.718912167772651
4.64          -1.07623186178505
4.65          -1.5341281235218
4.66          -1.04867349587381
4.67          -0.896239141970873
4.68          -0.685588227957487
4.69          0.150444199237973
4.7           -4.01750675775111E-02
4.71          -0.409532113820314
4.72          -0.480023806840181
4.73          -0.563416211754084
4.74          -0.746767133697867
4.75          -0.762275849953294
4.76          -0.457747267372906
4.77          -0.171834044996649
4.78          -3.17325995187275E-03
4.79          9.36302491184324E-02
4.8           -0.355221713036299
4.81          -0.454484301768243
4.82          -0.273720717933029
4.83          -0.239721388164908
4.84          -0.489045731686056
4.85          -0.65490686416626
4.86          9.19562917761505E-02
4.87          0.283728044796735
4.88          0.306373835932463
4.89          0.190998659748584
4.9           0.45433073926717
4.91          -5.70251031266525E-02
4.92          -0.474929858744144
4.93          -0.429143053852022
4.94          0.103035449814051
4.95          0.468044945038855
4.96          0.288862704131752
4.97          0.442981768772006
4.98          0.81399907708168
4.99          1.18298740155995
5             1.13167011737823
5.01          1.18389255054295
5.02          1.12513709641993
5.03          1.28804995313287
5.04          0.634155680537224
5.05          0.625844448208809
5.06          0.828851151019335
5.07          1.23011267066002
5.08          1.11207514755428
5.09          0.647220479920506
5.1           0.179889973271638
5.11          0.226928995940834
5.12          -0.128707650136203
5.13          -0.208247799742967
5.14          -2.83947872696444E-03
5.15          0.14294876312837
5.16          2.30814726557583E-02
5.17          -6.27463889401406E-02
5.18          0.276029966119677
5.19          0.156246409602463
5.2           -0.16968011347577
5.21          -0.610267356075347
5.22          -0.592962704077363
5.23          -0.630329189524055
5.24          -0.472959602884948
5.25          -0.121713292999193
5.26          0.069486794192344
5.27          0.314924018383026
5.28          0.420889416597784
5.29          0.348623166717589
5.3           -0.350522488541901
5.31          -1.27844882046338E-02
5.32          -5.57641465030611E-02
5.33          -0.294337817598134
5.34          -0.757136001214385
5.35          -0.313271960690618
5.36          -0.510313699543476
5.37          -0.655874432176352
5.38          -0.216428072713315
5.39          0.224643173161894
5.4           0.696855593249202
5.41          0.761576961502433
5.42          1.0051444105804
5.43          1.05723645083606
5.44          1.17606707565486
5.45          0.779020229056478
5.46          0.744004689753056
5.47          0.874354621767998
5.48          1.31195117801428
5.49          1.29614235341549
5.5           1.08978139534593
5.51          1.25749050378799
5.52          0.880529866218567
5.53          0.201878208462149
5.54          0.46937705039978
5.55          0.757798198387027
5.56          0.641284386590123
5.57          0.161335679925978
5.58          -0.115072299549356
5.59          0.345433474034071
5.6           -0.503121112659574
5.61          -1.00491293393075
5.62          -0.843135387226939
5.63          -0.637878237292171
5.64          -0.469184165373445
5.65          6.99621728248894E-02
5.66          -0.64581385910511
5.67          -0.668933165073395
5.68          -0.770185817107558
5.69          -1.04362866438925
5.7           -1.2228278439492
5.71          -1.05128398530185
5.72          -0.816169563531876
5.73          -0.918367637246847
5.74          -0.839648692533374
5.75          -0.886702771782875
5.76          -0.997188396602869
5.77          -0.534646997116506
5.78          4.32480169460177E-02
5.79          0.526405383199453
5.8           0.117259048568085
5.81          -0.240296096373349
5.82          -1.63045508565847E-02
5.83          -0.221400033272803
5.84          -0.114254849664867
5.85          3.70772572641727E-03
5.86          -0.414207072369754
5.87          -0.504305758550763
5.88          -0.169250105582178
5.89          0.126671384694055
5.9           -2.23497575707734E-02
5.91          9.17515570018441E-02
5.92          -7.62950956681743E-02
5.93          0.248015553932637
5.94          0.371045630760491
5.95          0.429791619703174
5.96          0.248420071620494
5.97          0.340411665961146
5.98          0.184264622479677
5.99          0.174965704064816
6             -9.32706270832568E-02
6.01          0.177793307919055
6.02          -1.68667103920598E-02
6.03          -0.111158008938655
6.04          -0.396306954547763
6.05          -0.496076825782657
6.06          -0.793871060460806
6.07          -1.00373757049441
6.08          -0.762440522164106
6.09          -0.448516450747848
6.1           -0.530704036876559
6.11          -0.663707581534982
6.12          -0.726219944804907
6.13          -0.888252649381757
6.14          -1.00864470005035
6.15          -1.2883388055861
6.16          -1.96073220670223
6.17          -1.89733844876289
6.18          -1.85313919946551
6.19          -1.11012912109494
6.2           -0.955486931651831
6.21          -0.786762381121516
6.22          0.334856262914836
6.23          0.857478314861655
6.24          0.885714446157217
6.25          1.02669542022049
6.26          1.43311908110976
6.27          1.10545821905136
6.28          0.864277822673321
6.29          1.05807004451752
6.3           1.12266328565776
6.31          0.778065524920821
6.32          0.572866554781795
6.33          0.108114414419979
6.34          -8.17520599253476E-02
6.35          -0.125576100703329
6.36          -0.137587743457407
6.37          0.417561217993498
6.38          0.642401643320918
6.39          0.357182649895549
6.4           0.875496729165316
6.41          0.998239287436009
6.42          0.997698200717568
6.43          0.425110119581223
6.44          0.181132159419358
6.45          -1.56450306123588E-02
6.46          -0.23214898807928
6.47          -0.307283644415438
6.48          0.296261770818383
6.49          -0.251878297682852
6.5           -0.66319529235363
6.51          -0.643160831183195
6.52          -0.90168808914721
6.53          -1.46979749545455
6.54          -1.29658761888742
6.55          -0.757499186396599
6.56          -0.610106630735099
6.57          -0.594553000554442
6.58          -0.234767535701394
6.59          -0.194681967068464
6.6           0.106874329615384
6.61          0.654879820793867
6.62          1.28907321587205
6.63          0.987705309167504
6.64          0.904453237429261
6.65          1.33563912570477
6.66          0.834800254404545
6.67          0.640196950659156
6.68          0.910523962900043
6.69          1.10132577247918
6.7           0.85947265394032
6.71          0.579563334323466
6.72          0.858301749005914
6.73          0.472129371352494
6.74          0.16976188313216
6.75          0.216387708652765
6.76          0.516518253162503
6.77          0.494259109161794
6.78          0.387550054751337
6.79          7.56751217879355E-02
6.8           -0.17997373463586
6.81          -0.338643796853721
6.82          0.265679298061878
6.83          0.364207896776497
6.84          -1.20301973854657E-02
6.85          0.499267907179892
6.86          0.87261960670352
6.87          0.427756752111018
6.88          0.856311868429184
6.89          0.888676060885191
6.9           1.11105663567781
6.91          0.73893595777452
6.92          0.592724978215992
6.93          0.544169407077134
6.94          0.213650188464671
6.95          0.364684956483543
6.96          0.319250702150166
6.97          -0.348459663949907
6.98          -0.207866177558899
6.99          -0.513034957163036
7             -0.534703020751476
7.01          -0.566199742220342
7.02          -0.465083330310881
7.03          -0.993706818223
7.04          -1.40178736075759
7.05          -0.988157883659005
7.06          -1.33200668916106
7.07          -1.56007104992867
7.08          -1.5081607849896
7.09          -1.7116321952641
7.1           -1.53851470470428
7.11          -1.32492556482553
7.12          -1.30684728965163
7.13          -0.919806490838528
7.14          -0.625854388475418
7.15          -0.833331799283624
7.16          -0.861568807661533
7.17          -0.791981825083494
7.18          -0.354774839580059
7.19          -4.94842140516266E-02
7.2           0.204010286014527
7.21          0.117823843918741
7.22          -0.126864598626271
7.23          0.120146284885705
7.24          0.159659283198416
7.25          0.105138528831303
7.26          0.319169425852597
7.27          0.693435556814075
7.28          -0.312433214150369
7.29          -0.566668798550963
7.3           -6.69701662799344E-02
7.31          -0.298233141303062
7.32          -0.458687609285116
7.33          -0.53140175588429
7.34          -0.462990136742592
7.35          -0.635810004025698
7.36          -0.344439301192761
7.37          -0.459895461313427
7.38          -0.852784974128008
7.39          -0.919949674531818
7.4           -0.768782266080379
7.41          -0.900457834973931
7.42          -0.236034736968577
7.43          -0.173572001941502
7.44          0.201516247540712
7.45          0.490371149294078
7.46          1.06658395595849
7.47          1.48322431057692
7.48          1.84678283751011
7.49          1.80456901028752
7.5           0.882434085085988
7.51          0.439652291089296
7.52          0.44128121573478
7.53          9.26516353525221E-02
7.54          0.141305375760421
7.55          -8.44931249879301E-02
7.56          -6.59892136277631E-02
7.57          0.319700389578938
7.58          -0.111907055536285
7.59          -0.423983543850482
7.6           -0.269455375112593
7.61          4.68543009040877E-02
7.62          0.14618460313417
7.63          0.129358244240284
7.64          -0.116109787467867
7.65          -0.218557756561786
7.66          -0.170456733349711
7.67          -0.29487409863621
7.68          8.21955803688616E-02
7.69          -0.104339040862396
7.7           0.139784652013332
7.71          0.424156146347523
7.72          -0.136452479129657
7.73          -0.532063879966736
7.74          -0.230723199360073
7.75          -0.660935782045126
7.76          -0.652770803198218
7.77          -0.893655842095614
7.78          -1.34840111240745
7.79          -1.50014834538102
7.8           -1.97786352530122
7.81          -1.60320201292634
7.82          -1.0039851269871
7.83          -0.790759830102325
7.84          -0.735682932436466
7.85          -0.328810643926263
7.86          -0.389123211577535
7.87          0.29127795137465
7.88          -0.195483985785395
7.89          0.183777914866805
7.9           0.723647389188409
7.91          -0.162081565372646
7.92          -9.80946370982565E-03
7.93          0.295798579975963
7.94          -0.106535903736949
7.95          0.730775364339352
7.96          0.767070128247142
7.97          0.890336743220687
7.98          1.22400189176202
7.99          0.758258593529463
8             0.986518543660641
8.01          0.818798179328442
8.02          0.760708869248629
8.03          1.11978177778423
8.04          0.56709604728967
8.05          0.746754196733236
8.059999      0.830679209902883
8.07          1.2461790651083
8.08          1.53849555507302
8.09          1.31190790861845
8.099999      1.41429543212056
8.11          1.14590947620571
8.12          1.53869582220912
8.13          0.551484968215227
8.139999      0.952641164883971
8.15          1.39492895366857E-03
8.16          0.101311270371079
8.17          -0.164868330080062
8.179999      0.209556826874614
8.19          2.91979411686771E-02
8.2           5.99990426888689E-02
8.21          9.10665739607066E-02
8.22          -5.00417506322265E-03
8.23          -0.33160597845912
8.24          -6.01273616636172E-02
8.25          0.463442345783114
8.26          0.520171228051186
8.27          -0.1255664893426
8.28          -0.573302830159664
8.29          -0.874145437628031
8.3           -1.28601044431329
8.309999      -1.39834028095007
8.32          -1.23880850359797
8.33          -1.10069917023182
8.34          -1.26460378780961
8.349999      -1.27076879963279
8.36          -0.993138322681189
8.37          -0.557169010005891
8.38          -0.441019772104919
8.389999      -0.119167844709009
8.4           -0.103155710594729
8.41          -0.5211569224298
8.42          -0.422398802228272
8.429999      -7.61663107434288E-02
8.44          0.213649969194084
8.45          0.700639107227325
8.46          0.411305062696338
8.47          0.421841781847179
8.48          0.476425795778632
8.49          0.131426888639107
8.5           9.48496676702052E-02
8.51          9.02467303723097E-02
8.52          0.255940815210342
8.53          0.32310387108475
8.54          4.50282748416066E-02
8.55          -0.3206651070714
8.559999      -0.252921112049371
8.57          -0.510070967003703
8.58          -0.388548686094582
8.59          -0.256309756245464
8.599999      -4.82503967313096E-02
8.61          -0.93137842297554
8.62          -1.23469162523746
8.63          -1.11694156587124
8.639999      -0.932910758927465
8.65          -0.847399030700326
8.66          -7.29934253788088E-03
8.67          0.593995943628252
8.679999      0.294946074206382
8.69          0.537855364345014
8.7           0.715105630382896
8.71          0.471967293843627
8.72          0.271725593134761
8.73          0.514940491653979
8.74          0.491905860677362
8.75          0.160406228452921
8.76          0.115088607799262
8.77          6.88492147112265E-02
8.78          -0.367198016680777
8.79          -0.326583768390119
8.8           -0.938602657914162
8.809999      -1.04495050057769
8.82          -0.917734164521098
8.83          -0.810535332709551
8.84          -0.445625587329268
8.849999      2.73338762274943E-02
8.86          -5.38317559333518E-02
8.87          -4.25942753953859E-02
8.88          0.225975406430662
8.889999      2.76871759607457E-02
8.9           -1.19477402244229E-02
8.91          0.226684034150094
8.92          0.241158597227186
8.929999      9.40165856201202E-02
8.94          0.695527909845114
8.95          1.09652286954224
8.96          0.842923279479146
8.97          0.709198919311166
8.98          0.823934812098742
8.99          1.37273123055697
9             1.41577945545316
9.01          1.86495335251093
9.02          1.70537932902575
9.03          1.83766366615891
9.04          2.01328288793564
9.05          1.78248524621129
9.059999      1.31356413245201
9.07          1.1203105853498
9.08          0.589591820798814
9.09          0.454858413934708
9.099999      0.289610471650958
9.11          0.21876800050959
9.12          7.50401978220907E-04
9.13          -0.79525400005281
9.139999      -0.665543387979269
9.15          -0.431947159208357
9.16          -1.02733678668737
9.17          -0.660138587281108
9.179999      -0.010968703905819
9.19          -0.427690751664341
9.2           -0.595873703844845
9.21          -0.672306789234281
9.22          -0.651259663403034
9.23          -0.878940300643444
9.24          -0.668715356290341
9.25          -0.517737214900553
9.26          -0.556381243877113
9.27          -0.660976785644889
9.28          -0.650324255079031
9.29          -0.74079325273633
9.3           -0.516827790141106
9.309999      -0.302437398992479
9.32          -0.784249759465456
9.33          -1.05674755051732
9.34          -0.708663679808378
9.349999      -0.40384134773165
9.36          -0.391967589631677
9.37          -7.23584851389751E-02
9.38          0.407814859673381
9.389999      0.259764674976468
9.4           0.266367771159858
9.41          -5.82022755453363E-02
9.42          4.88178827147931E-02
9.429999      0.516289846301079
9.44          0.931927915066481
9.45          0.750865447148681
9.46          0.82775509044528
9.469999      0.281810980327427
9.48          0.210273677241057
9.49          -0.403701855093241
9.5           -0.688820641860366
9.51          -0.764329172819853
9.52          -0.418977084718645
9.53          -0.704977887421846
9.54          -0.299399606008083
9.55          -0.3636862885952
9.559999      -0.40375605147332
9.57          1.51998724916484E-02
9.58          0.129218842964619
9.59          3.75346659868956E-02
9.599999      0.353906893506646
9.61          -0.154836737271398
9.62          0.378035501986742
9.63          0.586404028460383
9.639999      0.109901122525334
9.65          0.862690303623676
9.66          0.842238643616438
9.67          1.0325234131515
9.679999      0.894483076930046
9.69          0.864130765199661
9.7           0.369970912523568
9.71          -3.56191249913536E-02
9.719999      0.046043018004857
9.73          0.322922607399523
9.74          0.576606835909188
9.75          0.81785180747509
9.76          1.21311415694654
9.77          1.18086076922715
9.78          1.29226623415947
9.79          1.45305443197489
9.8           1.75215866222978
9.809999      1.15799113936722
9.82          1.21294729202986
9.83          1.31712537914515
9.84          0.481267144158483
9.849999      0.21165899226442
9.86          0.156097707599401
9.87          7.75695648416877E-02
9.88          -0.033995506237261
9.889999      -8.77817269787192E-02
9.9           -0.105799245927483
9.91          -2.90619979728945E-02
9.92          0.347978547737002
9.929999      0.800818868279457
9.94          0.862637751773
9.95          0.747044657170773
9.96          0.350884540826082
9.969999      -0.147015711748973
9.98          -5.86878137150779E-02
9.99          0.152498271279037
10            0.332291381768882
10.01         0.130505367452279
10.02         -0.298822485823184
10.03         -0.295405336450785
10.04         -0.570087957903743
10.05         -0.894323667213321
10.06         -0.970534960404039
10.07         -0.813928618133068
10.08         -0.800509769842029
10.09         -1.42589762359858
10.1          -1.31659152835608
10.11         -1.13267064906657
10.12         -1.07660352542996
10.13         -0.987034779712558
10.14         -0.555732276029885
10.15         -0.78878449447453
10.16         -0.641039534434676
10.17         -5.81135394796729E-02
10.18         -0.155043947976083
10.19         5.69802166102454E-02
10.2          -0.141001083003357
10.21         -0.747607890218496
10.22         -0.68745473228395
10.23         -0.319576392062008
10.24         6.38209244515747E-02
10.25         2.67861040402204E-02
10.26         2.13171118777245E-02
10.27         -0.357546858340502
10.28         -0.601760899834335
10.29         -0.444962622709572
10.3          -0.559888403825462
10.31         -0.818874997124076
10.32         -0.860188426226377
10.33         -0.613559667393565
10.34         -0.889448697343469
10.35         -0.694642641395331
10.36         -0.438308710567653
10.37         0.182367602996528
10.38         0.585790180452168
10.39         -0.16503830133006
10.4          -0.504699787795544
10.41         -0.404482129476964
10.42         -0.606960792168975
10.43         -0.487531375922263
10.44         -1.02112989418209
10.45         -1.36445128083229
10.46         -1.38306749984622
10.47         -1.29308382108808
10.48         -1.14155381217599
10.49         -1.12015599958599
10.5          -1.14844826415181
10.51         -1.43255175501108
10.52         -1.26166585430503
10.53         -0.553466516509652
10.54         -0.433800909295678
10.55         -0.554571932628751
10.56         -0.660969768986106
10.57         -0.72942217245698
10.58         -0.951689822897315
10.59         -0.752302985116839
10.6          -0.517764404453337
10.61         -0.639394201040268
10.62         -0.58675252251327
10.63         -0.215820218101144
10.64         -0.226685167048126
10.65         1.70989373582415E-02
10.66         0.488034017197788
10.67         0.771092427894473
10.68         0.634823067113757
10.69         0.318834965117276
10.7          8.47718361765146E-02
10.71         1.63351333932951E-02
10.72         -0.235909387283027
10.73         1.52330394519959E-02
10.74         -0.472578218244016
10.75         -0.396300888061523
10.76         -0.217285365890712
10.77         5.14141423953697E-02
10.78         0.493132058344781
10.79         9.18620236963034E-02
10.8          3.44073535013013E-02
10.81         0.155499793253839
10.82         7.80294392164797E-02
10.83         0.310780571736395
10.84         1.11883401721716
10.85         1.01045178204775
10.86         1.10993280082941
10.87         1.41384665831923
10.88         1.48538456439972
10.89         1.52958922237158
10.9          1.47817114681005
10.91         1.08796349599957
10.92         0.379526322707534
10.93         -0.179235596749932
10.94         -0.358544027879834
10.95         -1.11372683979571
10.96         -0.876327691599727
10.97         -0.589718449562788
10.98         -0.788853418529034
10.99         -0.757666270583868
11            -0.699573232904077
11.01         -0.189374833144248
11.02         2.34013496129774E-02
11.03         -0.144062904389575
11.04         0.308356060311198
11.05         0.23916159035638
11.06         0.236404280997813
11.07         0.495253903269768
11.08         0.580989324040711
11.09         0.749439969062805
11.1          1.11518725499511
11.11         1.1416277063638
11.12         1.20130292750895
11.13         1.1518017154187
11.14         1.16411017745733
11.15         1.30607808843255
11.16         1.05338452443481
11.17         0.834581860899925
11.18         0.647955255657435
11.19         0.243149720337242
11.2          -0.372175349369645
11.21         -0.470497450008988
11.22         -0.938752419725061
11.23         -0.354053000807762
11.24         -0.182736452668905
11.25         0.262857139427215
11.26         -2.69731201522518E-03
11.27         -0.218649356849492
11.28         0.393015264496207
11.29         0.315529205203056
11.3          -0.193350610882044
11.31         -0.368865861855447
11.32         -0.705268128588796
11.33         -0.653172360733151
11.34         -0.776379626467824
11.35         -0.652675055041909
11.36         -0.45630026422441
11.37         -0.540180984735489
11.38         0.206802203580737
11.39         0.313956888914108
11.4          -5.65165917947888E-02
11.41         0.335605729781091
11.42         -7.17178998235613E-02
11.43         -0.265300179217011
11.44         2.54787025944097E-03
11.45         0.4264026466012
11.46         0.810391052663326
11.47         0.68958845436573
11.48         0.506103485003114
11.49         0.450759954303503
11.5          5.73035630676895E-02
11.51         -0.396976716555655
11.52         -0.438042406439781
11.53         -0.144609463736415
11.54         1.20125586655922E-02
11.55         -0.016843083986314
11.56         -0.261257085409015
11.57         -0.530871486514807
11.58         -0.153709540273994
11.59         0.342209100052714
11.6          0.614305114299059
11.61         0.816051449775696
11.62         1.29143973022699
11.63         1.238353882581
11.64         1.3763547500968
11.65         1.31636962652206
11.66         1.41224130526185
11.67         1.3737552241981
11.68         1.07446337141097
11.69         0.844450279846787
11.7          0.554739455357194
11.71         0.706428289264441
11.72         0.97514797501266
11.73         1.1587536893785
11.74         0.749853294119239
11.75         0.136984393028542
11.76         0.265194728337228
11.77         -7.19132699165493E-02
11.78         -0.35025516115129
11.79         -0.893753344416618
11.8          -0.841255068853498
11.81         -1.10650757499039
11.82         -0.688120364695787
11.83         8.72032180801034E-02
11.84         0.428153997324407
11.85         0.236240558959544
11.86         0.396692578420043
11.87         0.667848652750254
11.88         0.971495877206326
11.89         1.1305451130867
11.9          0.66896722510457
11.91         1.13753940626979
11.92         0.716574304774404
11.93         0.307331591583788
11.94         0.184211193546653
11.95         9.25059483200312E-02
11.96         -6.89994196314365E-02
11.97         0.218818725105375
11.98         0.16474637908861
11.99         0.476631654314697
12            -0.210214784815907
12.01         -0.407172067947686
12.02         -0.388727683983743
12.03         -0.39250962652266
12.04         0.102239488447085
12.05         3.93685538135469E-02
12.06         -3.37846181821078E-03
12.07         0.241076535210013
12.08         0.625674878954887
12.09         0.552607414349914
12.1          0.321956939734519
12.11         4.47934588836506E-02
12.12         -9.17575869429857E-02
12.13         -0.358435817845166
12.14         -0.156978608909994
12.15         -0.702481637969613
12.16         -1.20821908727288
12.17         -1.20595387592912
12.18         -1.43273170307279
12.19         -1.29958417072892
12.2          -1.05103913314641
12.21         -0.922822923213244
12.22         -0.907955646514893
12.23         -1.10509773820639
12.24         -0.802485909461975
12.25         -0.732575137317181
12.26         -1.21369624726474
12.27         -1.09320303976536
12.28         -0.807832164913416
12.29         -0.806833972111344
12.3          -0.786722181513906
12.31         -0.540426348522306
12.32         -0.471173826679587
12.33         0.160090844258666
12.34         0.245145064406097
12.35         0.672126621901989
12.36         0.10263941058889
12.37         0.388157178461552
12.38         0.496758136041462
12.39         0.531034550741315
12.4          0.245616130717099
12.41         0.471359914317727
12.42         0.378529664799571
12.43         0.550683607310057
12.44         0.120066653117538
12.45         0.184806019831449
12.46         3.67731826356612E-02
12.47         0.40261043574661
12.48         0.708092918470502
12.49         0.376201888248324
12.5          0.444369934312999
12.51         1.32970137870871E-02
12.52         -0.139548159549013
12.53         -0.157167510520667
12.54         -0.288123890161514
12.55         -0.472227933481336
12.56         -0.490928681306541
12.57         -0.617249845191836
12.58         4.97237580316141E-02
12.59         -8.83841911889613E-02
12.6          0.498295478671789
12.61         0.774375054761767
12.62         0.710484502762556
12.63         0.653229882717133
12.64         8.45244258642197E-02
12.65         3.23877754644491E-02
12.66         -7.49705779831857E-02
12.67         0.275807168930769
12.68         0.407842926308513
12.69         0.265589671209455
12.7          -8.59465509373695E-02
12.71         -0.189198594409972
12.72         -5.67808174202219E-02
12.73         -0.449841722175479
12.74         -0.661981556564569
12.75         -0.478109318800271
12.76         -0.607842844650149
12.77         -0.930161690488458
12.78         -1.09218028865755
12.79         -0.925200254917145
12.8          -1.10307672120631
12.81         -1.10967179574072
12.82         -1.5869767203927
12.83         -1.81087771743536
12.84         -1.84737823024392
12.85         -1.86502088785172
12.86         -1.63079590067267
12.87         -1.97842617362738
12.88         -2.00963013231754
12.89         -1.55056493908167
12.9          -1.19180843800306
12.91         -0.178858323432505
12.92         3.16985714645125E-02
12.93         7.43724603555165E-03
12.94         0.251024238746613
12.95         0.753502395227551
12.96         0.427931656949222
12.97         -0.117084938585758
12.98         0.283483430184424
12.99         0.269997265823185
13            0.297949222438037
13.01         0.532792114131153
13.02         0.543469422273338
13.03         1.0092899402976
13.04         1.57832254886627
13.05         1.50342731773853
13.06         1.53079097136855
13.07         1.52942213818431
13.08         1.89197216659784
13.09         1.46150643602014
13.1          1.20589730411768
13.11         1.39196725443006
13.12         1.08284382015467
13.13         0.423834914937615
13.14         0.552929997928441
13.15         0.560262881442904
13.16         0.948840036168695
13.17         0.96600417226553
13.18         0.431842567138374
13.19         0.569749879203737
13.2          0.615351034998894
13.21         0.662665096074343
13.22         0.587204000651836
13.23         4.68588964501396E-02
13.24         -5.15040204953402E-02
13.25         -0.368290824741125
13.26         -0.78683247461915
13.27         -0.600926721431315
13.28         -0.331155487038195
13.29         -0.177039455641061
13.3          -0.229368034042418
13.31         -0.652663726061583
13.32         -0.433990359082818
13.33         -0.102356725120917
13.34         -0.455863806121051
13.35         -0.120760589707643
13.36         0.123777277898043
13.37         -0.271410154122859
13.38         -0.224872256107628
13.39         -0.354295075535774
13.4          -0.254142705034465
13.41         0.156388935483992
13.42         -0.557793309912086
13.43         -1.15025636941195
13.44         -0.626861790642142
13.45         -0.689000078290701
13.46         -0.982307817488909
13.47         -0.788509309887886
13.48         0.028997141844593
13.49         -3.67831685836427E-02
13.5          -0.170610332395881
13.51         0.423505131974816
13.52         0.360229816697538
13.53         0.376232659220696
13.54         0.79528192050755
13.55         0.867356381714344
13.56         0.628810521438718
13.57         0.58592104844749
13.58         0.669272815212607
13.59         0.207158043198287
13.6          0.339417200759053
13.61         0.414897409267724
13.62         0.233488640002906
13.63         0.014106412329711
13.64         -7.21294478746131E-03
13.65         -8.55622381204739E-03
13.66         0.067806158233434
13.67         -0.111863036965951
13.68         8.18302572984248E-02
13.69         0.407586927898228
13.7          -1.27201197249815E-02
13.71         -0.105165773201734
13.72         5.47331773163751E-02
13.73         0.229360578842461
13.74         0.339421403445303
13.75         0.645591299459338
13.76         0.916608283147216
13.77         0.658347804397345
13.78         0.644948105737567
13.79         1.11976949863136
13.8          1.22467629499733
13.81         1.08881375424564
13.82         0.82282793417573
13.83         0.52952443420887
13.84         0.106772240884602
13.85         -9.43163102399558E-02
13.86         -0.293245155718178
13.87         -0.557916357256472
13.88         -0.310058586783707
13.89         -0.655039376690984
13.9          -0.531081438101828
13.91         -0.619721609428525
13.92         -0.455688133835793
13.93         -4.99185708118603E-02
13.94         -5.39514594012871E-02
13.95         -0.133271703450009
13.96         -0.121028821589425
13.97         -0.440405595190823
13.98         -3.54463858784584E-04
13.99         -2.80991168715991E-02
14            -0.220731787886471
14.01         -0.45216942563653
14.02         -0.891179180815816
14.03         -1.4030507978797
14.04         -1.45680805206299
14.05         -1.41997541740537
14.06         -1.49933046609163
14.07         -1.22586920008063
14.08         -1.33418521553278
14.09         -1.44765262797475
14.1          -0.906261123418808
14.11         -0.6975117970258
14.12         -0.411197839379311
14.13         -0.256618142053485
14.14         -0.118503939053044
14.15         -0.197742491103709
14.16         0.307993423305452
14.17         0.44047850266099
14.18         0.740459376722574
14.19         0.600875229388475
14.2          0.469614922441542
14.21         0.224566428456455
14.22         0.202984958477318
14.23         0.319014657363296
14.24         0.362237787097693
14.25         0.43214110404253
14.26         0.746420905441046
14.27         1.1866593798995
14.28         0.74841239400208
14.29         0.606299472078681
14.3          0.531741406023502
14.31         0.211402098499238
14.32         0.107458046190441
14.33         9.79074576753192E-04
14.34         -3.01234960206784E-02
14.35         0.191890031229705
14.36         8.36655155662447E-02
14.37         0.183617975246161
14.38         0.123522165706381
14.39         0.297611564006656
14.4          5.68072623666376E-02
14.41         0.29966868756339
14.42         0.310714242383838
14.43         0.207712066881359
14.44         0.100174699556082
14.45         -0.247083361577243
14.46         -0.436127333678305
14.47         -0.290021293368191
14.48         -0.11320349288173
14.49         0.101403327472508
14.5          2.58976401784457E-02
14.51         0.444474307112396
14.52         0.643714343234897
14.53         0.555096976049244
14.54         0.670089013427496
14.55         0.653486356213689
14.56         0.557194189578295
14.57         0.560969225093722
14.58         0.557723289504647
14.59         0.390048862360418
14.6          0.077807245021686
14.61         0.201260578036308
14.62         -3.61131302034482E-02
14.63         -4.59564472362399E-02
14.64         -0.248902302458882
14.65         -0.700790988653898
14.66         -0.740615570470691
14.67         -1.01977165907621
14.68         -1.16277452722192
14.69         -0.99002131819725
14.7          -1.12882442370057
14.71         -0.856977135390043
14.72         -0.934978480562568
14.73         -0.610331748537719
14.74         -0.203991922102869
14.75         0.125523137720302
14.76         0.518115456663072
14.77         0.559963284730911
14.78         0.557559604011476
14.79         0.645970199033618
14.8          0.580854655355215
14.81         0.750739732012153
14.82         0.498305674754083
14.83         0.393799412660301
14.84         0.291069735679776
14.85         0.154971150141209
14.86         0.24599113823846
14.87         0.224057775512338
14.88         0.191650532931089
14.89         0.389605022147298
14.9          9.85042779520154E-02
14.91         0.102477433579043
14.92         -0.244920037966222
14.93         -0.211474329885095
14.94         0.190712018273771
14.95         8.34353362675756E-02
14.96         -7.20282499305904E-02
14.97         -7.11706050066277E-02
14.98         -0.240559750981629
14.99         -0.229947895109653
15            0.154797177203
15.01         7.47025927808136E-02
15.02         6.52580330148339E-02
15.03         0.259944476857781
15.04         0.237352626286447
15.05         0.119899431886151
15.06         6.50557558983564E-03
15.07         -0.136890243720263
15.08         -0.315593232214451
15.09         -0.329222689904273
15.1          -0.369718824438751
15.11         -0.369422772601247
15.12         -0.648029588386416
15.13         -0.80071939252317
15.14         -0.563853035308421
15.15         -0.308984380178154
15.16         -0.178202759195119
15.17         -0.141730568837374
15.18         -0.031351406739559
15.19         0.181871229205281
15.2          -3.29807493695989E-02
15.21         0.105826773522422
15.22         0.377443069405854
15.23         0.464517539106309
15.24         0.417895203642547
15.25         0.48910252276808
15.26         0.530974434055388
15.27         0.588403995484114
15.28         0.632326671481133
15.29         0.26358354633674
15.3          7.71342396363616E-02
15.31         0.118088019294664
15.32         0.293195838108659
15.33         0.372752213738859
15.34         0.129747001854703
15.35         0.250215952545404
15.36         0.526002217680216
15.37         0.457041581533849
15.38         0.266583496872336
15.39         0.557785416170955
15.4          0.22441880453378
15.41         9.50141297467053E-02
15.42         6.28208084637299E-02
15.43         1.31465267844033E-02
15.44         -3.26725851162337E-02
15.45         4.23461615899578E-02
15.46         0.158445620499551
15.47         0.379253879003227
15.48         0.538005308881402
15.49         0.344020859822631
15.5          0.250648536868393
15.51         0.213710067607462
15.52         0.106705089267343
15.53         -0.221840968150645
15.54         -0.463156782388687
15.55         -0.614989603981376
15.56         -0.628374538421631
15.57         -0.224408224727958
15.58         -0.359559543058276
15.59         -0.32925890609622
15.6          -0.276757725197822
15.61         3.43180692591704E-02
15.62         0.203739633020014
15.63         0.302913234438747
15.64         0.305991957932711
15.65         0.25274363078177
15.66         0.177473739311099
15.67         0.389807372353971
15.68         0.316574248820543
15.69         -2.63481178949587E-02
15.7          5.34025840088725E-02
15.71         -0.297495898772031
15.72         -0.492899850793183
15.73         -0.618667356446385
15.74         -0.676683357059956
15.75         -0.777651980593801
15.76         -0.573208909258246
15.77         -0.186298795714974
15.78         -0.118570761764422
15.79         -0.381679157875478
15.8          9.82829928165302E-03
15.81         0.297332231551409
15.82         7.09722930332646E-02
15.83         9.65007386449725E-02
15.84         1.36000011989381E-03
15.85         -9.56111396010965E-02
15.86         0.220664800722152
15.87         0.304705223310739
15.88         0.104481256110594
15.89         -0.459606426134706
15.9          -0.637318878024817
15.91         -0.739695145636797
15.92         -0.841838328614831
15.93         -1.07506563462317
15.94         -1.07007700949907
15.95         -0.878384742066264
15.96         -1.02786544807255
15.97         -0.959369044303894
15.98         -0.661824193373323
15.99         -0.364188747145236
16            -0.266659437585622
16.01         -0.126732817003503
16.02         1.71553629892878E-02
16.03         0.360958343222737
16.04         0.167070080861449
16.05         0.272426911834627
16.06         0.256694393400103
16.07         0.283733928557485
16.08         0.154019588883966
16.09         -0.121015583127737
16.1          0.181811697240919
16.11         0.33135546181351
16.12         0.183587313909084
16.13         0.054264244325459
16.14         -0.221404948588461
16.15         -0.400222798325121
16.16         -0.399112412072718
16.17         -0.409680194556713
16.18         -0.477293632216752
16.19         -0.352452398613095
16.2          -0.021059354734607
16.21         0.273578685410321
16.22         0.361365601792932
16.23         0.477112770527601
16.24         0.643187070563436
16.25         0.704293909370899
16.26         0.640652010217309
16.27         0.569990309402347
16.28         0.487209450155497
16.29         0.605262797288597
16.3          0.22073953544721
16.31         0.243310135044158
16.32         0.289035818260163
16.33         0.315957257933915
16.34         0.258932287283242
16.35         0.339103314913809
16.36         -0.087617940986529
16.37         2.82510850927793E-02
16.38         5.78847717354074E-02
16.39         8.77872818335891E-02
16.4          0.104726099129766
16.41         0.305635515321046
16.42         0.257124255113304
16.43         6.30269639287144E-02
16.44         1.21841447521001E-02
16.45         1.10741593537387E-02
16.46         -8.23498463630676E-02
16.47         -7.96264965366572E-02
16.48         -5.69687277451158E-02
16.49         -0.181743960902095
16.5          -0.140095550296828
16.51         -0.333092742674053
16.52         -0.172752532940358
16.53         -0.170354735981673
16.54         -0.214321668092161
16.55         -0.356716334447265
16.56         -0.519078529626131
16.57         -0.62048452489078
16.58         -0.605293641351163
16.59         -0.525573799498379
16.6          -0.396200717948377
16.61         -0.419165474697948
16.62         -0.147527626343071
16.63         -8.69389833183959E-03
16.64         2.06254273792729E-02
16.65         8.31117568351328E-02
16.66         2.38174589490518E-02
16.67         -0.226632505562156
16.68         -0.20181829277426
16.69         -3.18573953176383E-03
16.7          -3.39084466779605E-02
16.71         -4.17715995619074E-02
16.72         0.132319429563358
16.73         0.203654245398939
16.74         -5.94696504017338E-02
16.75         -0.158151962365955
16.76         -0.315017171837389
16.77         -0.560558787100017
16.78         -0.430280702747405
16.79         -0.20201665956527
16.8          -0.190277624968439
16.81         -7.96354774944484E-02
16.82         -5.98691522749141E-02
16.83         0.187396921087056
16.84         0.32583302244544
16.85         0.348357118405402
16.86         0.44218117531389
16.87         0.527077630273998
16.88         0.542847461253405
16.89         0.524142803102732
16.9          0.525613122023642
16.91         0.390926090888679
16.92         0.351880760192871
16.93         0.291701691783965
16.94         5.88371963705868E-02
16.95         -0.129230318125337
16.96         -0.224916402585804
16.97         -0.431055276095867
16.98         -0.577009014710784
16.99         -0.551648178622127
17            -0.45272834636271
17.01         -0.472038958780468
17.02         -0.420238365679979
17.03         -0.365636590830982
17.04         -0.230449129398912
17.05         1.45515064965002E-02
17.06         0.153096633302048
17.07         0.164917410146445
17.08         0.364991350583732
17.09         0.270907202214003
17.1          0.416139869503677
17.11         0.343640096448362
17.12         0.399760429747403
17.13         0.232408640999347
17.14         0.11554257100448
17.15         5.28525163326413E-02
17.16         -0.118432118799537
17.17         -0.422960244566202
17.18         -0.546443791240454
17.19         -0.389144736640155
17.2          -0.361165992468596
17.21         -0.28782295955345
17.22         -0.323471916764975
17.23         -8.45465904660523E-02
17.24         1.40734383731615E-02
17.25         0.059710688162595
17.26         9.42289765924215E-02
17.27         9.38930586213246E-03
17.28         6.07678053667769E-03
17.29         5.31876896973699E-02
17.3          -1.08193486591335E-02
17.31         0.186908075585961
17.32         0.237303838580847
17.33         0.282126967515796
17.34         0.129966692710295
17.35         0.101345768943429
17.36         0.158261634204537
17.37         6.19029052415863E-02
17.38         -0.111037026392296
17.39         -0.130299508916214
17.4          -0.298688365314156
17.41         -0.274440455362201
17.42         -0.186012611053884
17.43         -7.46027744142339E-02
17.44         0.046929579237476
17.45         2.73537681810558E-02
17.46         0.102561532985419
17.47         0.252727094125003
17.48         0.144859075890854
17.49         0.404409989453852
17.5          0.358229740038514
17.51         0.285418621022254
17.52         0.27340052805841
17.53         0.342228432409465
17.54         0.289409948699176
17.55         0.226341295950115
17.56         0.109978287499398
17.57         0.0258845296246
17.58         -7.20939123351127E-02
17.59         -4.61579797463492E-02
17.6          -6.26914662262425E-02
17.61         -0.101657928032801
17.62         -0.179590157289058
17.63         -0.189055136628449
17.64         -0.143704552296549
17.65         -0.121035564159974
17.66         -9.11821661051363E-02
17.67         4.70936347497627E-02
17.68         0.130679111983627
17.69         2.90743662044406E-02
17.7          0.100245953360572
17.71         9.04440282192081E-02
17.72         -2.73298562667333E-02
17.73         -0.101759240180254
17.74         -0.279838275946677
17.75         -0.440750873275101
17.76         -0.694142485186458
17.77         -0.786111586019397
17.78         -0.920099947974086
17.79         -0.827221385836601
17.8          -0.630962662249804
17.81         -0.50411736857146
17.82         -0.438415568433702
17.83         -0.389160049036145
17.84         -0.124418580411002
17.85         3.59242742741481E-02
17.86         -1.90895556891337E-02
17.87         0.133114513847977
17.88         0.164128328394145
17.89         0.291196364443749
17.9          0.289171565026045
17.91         0.161447855103761
17.92         0.204085934367031
17.93         0.143845899598673
17.94         0.179765025582165
17.95         0.199357071798295
17.96         5.49092972790822E-02
17.97         1.30582692311145E-02
17.98         3.16844376479276E-02
17.99         3.06838031765074E-02
18            6.53704503038898E-02
18.01         0.111997897513211
18.02         4.55589599115774E-02
18.03         -1.95245291478932E-02
18.04         0.137787535507232
18.05         0.179658350441605
18.06         0.192486282773316
18.07         0.358517094142735
18.08         0.383943309411407
18.09         0.446476284116507
18.1          0.536435112208128
18.11         0.631480579376221
18.12         0.597013253085315
18.13         0.436880820505321
18.14         0.300920357163996
18.15         0.191695867124945
18.16         1.70585107713123E-03
18.17         -0.113548113154247
18.18         -9.10145246051252E-02
18.19         -0.141183296861127
18.2          -0.158697215225548
18.21         -0.210834352131933
18.22         -0.372611551657319
18.23         -0.455548421926796
18.24         -0.399267326742411
18.25         -0.304694515597075
18.26         -0.227671592328697
18.27         -0.223326325379312
18.28         -9.53344566654414E-02
18.29         -9.23197750293184E-03
18.3          5.73872376373038E-02
18.31         0.143516098363325
18.32         0.20465059267357
18.33         0.22921204129234
18.34         0.228499320521951
18.35         0.305545705743134
18.36         0.222210950721055
18.37         0.146164009971544
18.38         0.120931227905676
18.39         0.105552173657343
18.4          4.12287815194577E-02
18.41         4.45590494899079E-02
18.42         2.96903269761242E-02
18.43         0.05053882334847
18.44         3.58053656620905E-02
18.45         0.074527623988688
18.46         0.124722589943558
18.47         9.75101599283516E-02
18.48         0.113716750508174
18.49         0.110877644084394
18.5          5.83761708252132E-02
18.51         5.91722052823752E-02
18.52         0.106751117818058
18.53         0.052267342521809
18.54         0.23040425201878
18.55         0.21460417997092
18.56         0.196335614472628
18.57         0.231900536231697
18.58         0.18300052754581
18.59         0.196400299295783
18.6          0.165262797866017
18.61         5.67791454819962E-02
18.62         0.110064707519487
18.63         1.04040992748924E-02
18.64         -2.18606973672286E-02
18.65         -4.52726062294096E-02
18.66         -0.10626618264243
18.67         -0.139526205081493
18.68         -0.209232891127467
18.69         -0.245507390778512
18.7          -8.91106894612312E-02
18.71         -8.24448636174202E-02
18.72         -3.33697765041143E-02
18.73         3.62608272163197E-02
18.74         3.19411875167862E-02
18.75         4.06391166587127E-03
18.76         8.15157479024492E-03
18.77         2.12709554191679E-02
18.78         -5.41384104173631E-03
18.79         -0.112694054218009
18.8          -0.126952343406156
18.81         -8.08887276705355E-02
18.82         -6.83754897443578E-02
18.83         6.82855248497799E-02
18.84         0.143980403831229
18.85         0.12454581216909
18.86         0.178135735485703
18.87         0.271463875416666
18.88         0.178375215511769
18.89         0.193231272865087
18.9          0.194357062876225
18.91         0.178972581680864
18.92         0.207286298219115
18.93         0.209606729205698
18.94         0.204178283829242
18.95         0.182397332433611
18.96         0.138874779576436
18.97         8.36008490156382E-02
18.98         4.77747622830793E-02
18.99         -7.42751841573045E-02
19            -5.83005590178073E-02
19.01         -1.45336970424978E-03
19.02         -6.98754330351949E-02
19.03         -7.84217782504857E-02
19.04         -0.10370106395334
19.05         -0.147562179733068
19.06         -0.127569672334939
19.07         -0.100379370376468
19.08         -0.064475675560534
19.09         8.07678296347149E-03
19.1          2.79938304447569E-02
19.11         0.10255360269919
19.12         0.131350235296413
19.13         0.10959397925064
19.14         0.118158852830529
19.15         8.87159749958664E-02
19.16         8.96541333384812E-02
19.17         6.84070921177045E-02
19.18         8.47835488803685E-02
19.19         1.50565654586535E-02
19.2          -4.35483445599675E-02
19.21         -8.57389930542558E-02
19.22         -9.85194989852607E-02
19.23         -0.142744293306023
19.24         -0.203349075559527
19.25         -0.235761489272118
19.26         -0.205741756204516
19.27         -0.178157059550285
19.28         -0.120345336897299
19.29         -8.53500983957201E-02
19.3          -2.94067849824205E-02
19.31         4.82400955818594E-02
19.32         6.80592650128529E-02
19.33         9.14057033322752E-02
19.34         0.132958786049858
19.35         0.168098185826093
19.36         0.18705379916355
19.37         0.130512868333608
19.38         0.143394384915009
19.39         5.29005640000105E-02
19.4          -2.62491766107269E-02
19.41         -4.23739130236208E-02
19.42         -7.12438459508121E-02
19.43         -0.132659152792767
19.44         -0.129056783728302
19.45         -0.130775581905618
19.46         -0.153340032789856
19.47         -0.101587322903797
19.48         -7.59632433392108E-02
19.49         -7.39650076394901E-02
19.5          -4.89579600747675E-02
19.51         -4.66081102844328E-02
19.52         -5.46012723539025E-02
19.53         -1.43586134759244E-02
19.54         -3.37837331055198E-03
19.55         8.17509784188587E-03
19.56         1.74650735571049E-02
19.57         2.85874438891187E-02
19.58         7.61902592028491E-03
19.59         -3.69808592903428E-02
19.6          -3.06618350045756E-02
19.61         -4.60993020236492E-02
19.62         -5.85326158208773E-02
19.63         -3.95708857476711E-02
19.64         -6.23276323685423E-02
19.65         -6.35286184865981E-02
19.66         -6.10709423851222E-02
19.67         -5.25654911343008E-02
19.68         -5.44712860090658E-02
19.69         -3.50539756100625E-02
19.7          -3.48400063463487E-02
19.71         -0.024760114622768
19.72         3.6135875529726E-03
19.73         1.14512328151613E-02
19.74         1.61372542509344E-02
19.75         0.027835898520425
19.76         0.01670836276724
19.77         5.83659416239243E-03
19.78         1.51783314405475E-02
19.79         1.23971889680251E-02
19.8          9.85000135959126E-03
19.81         1.24697092885617E-02
19.82         1.33530876715668E-02
19.83         3.77542923175497E-03
19.84         0.00297443634714
19.85         1.8420516588958E-03
19.86         -3.2420572405681E-03
19.87         -3.3682349009905E-03
19.88         -1.94032870742376E-03
19.89         -4.93893178529106E-03
19.9          3.69242446526187E-03
19.91         3.25220164580969E-03
19.92         4.13769707491156E-03
19.93         8.61019064323045E-04
19.94         -1.45376156477141E-03
19.95         -1.81941040049423E-03
19.96         -4.57346396200592E-03
19.97         -4.01628883526428E-03
19.98         -4.69110919861123E-03
19.99         -3.48501390457386E-03
20            -5.13160268019419E-04
