Horizontal-Spectrum-NTC - Comune Mercato San Severino (SA) - SLV q=1 VR=50 Suolo=C Topo=T1 h/H=1 (5)
Time (s)      Acc. (m/s^2)
0             1.96922414540313E-02
0.01          0.017470703786239
0.02          1.24360375490505E-02
0.03          1.50340925075579E-02
0.04          2.22285671741702E-02
0.05          2.31743268971331E-02
0.06          0.043501731287688
0.07          4.38526784302667E-02
0.08          4.38021182874218E-02
0.09          5.03826935542747E-02
9.999999E-02  5.21741844993085E-02
0.11          8.19833538495004E-02
0.12          9.48417191114277E-02
0.13          0.136183781297877
0.14          0.145043153548613
0.15          0.161590344440192
0.16          0.140339561915025
0.17          0.187555033452809
0.18          0.156135568320751
0.19          0.178502849265933
0.2           0.158937718514353
0.21          0.19235817393288
0.22          0.20484004246071
0.23          0.218805276509374
0.24          0.237184591926634
0.25          0.174865424316376
0.26          0.140336894122884
0.27          0.141127017410472
0.28          0.122832596255466
0.29          0.179936093185097
0.3           0.167171292509884
0.31          9.07890139427036E-02
0.32          0.079598301993683
0.33          6.09045890998095E-02
0.34          9.36567991320044E-02
0.35          0.104862695569173
0.36          0.103359074927866
0.37          7.45446540042758E-02
0.38          0.114156451988965
0.39          0.168961819577962
0.4           7.32538171950728E-02
0.41          2.92902198247612E-02
0.42          4.34742356697097E-02
0.43          -0.046388433133252
0.44          -0.160071749445051
0.45          -0.207834090963006
0.46          -0.170601981841028
0.47          -0.151675686808303
0.48          -1.0593967938803E-04
0.49          -0.035411377530545
0.5           2.29209620179608E-02
0.51          -6.69940165244043E-02
0.52          -8.83914819359779E-02
0.53          -6.84065759181976E-02
0.54          -8.35265436954796E-02
0.55          -2.94795896694995E-02
0.56          5.01327342214063E-02
0.57          0.069949308950454
0.58          8.9695939788362E-03
0.59          8.55392192769796E-02
0.6           8.28473987337202E-02
0.61          3.56805070512928E-02
0.62          7.61594265606254E-02
0.63          0.115353313079104
0.64          0.155246809814125
0.65          0.140152377923951
0.66          0.17554457841441
0.67          0.147488486543298
0.68          0.170243419613689
0.69          0.106858304589987
0.7           0.180286560673267
0.71          0.195688254609704
0.72          5.67415999621153E-02
0.73          0.311717697679997
0.74          0.292533494755626
0.75          0.41680725608021
0.76          0.565299417190254
0.77          0.55991047706455
0.78          0.866865727230906
0.79          0.863862304911017
0.8           0.918634343370795
0.81          0.750794403478503
0.82          0.591837370879948
0.83          0.401022222340107
0.84          0.308574782721698
0.85          0.156945133600384
0.86          0.114624338876456
0.87          8.31169827841222E-02
0.88          -0.188065842557699
0.89          -0.275157342273742
0.9           -0.217835936062038
0.91          -0.341726266220212
0.92          -0.390709853544831
0.93          -0.413072018176317
0.94          -0.723360071629286
0.95          -0.660458356887102
0.96          -0.814409405440092
0.97          -0.625744022279978
0.98          -0.683103015124798
0.9899999     -0.715789754614234
1             -0.588042893372476
1.01          -0.499034895636141
1.02          -0.632528327330947
1.03          -0.621295899152756
1.04          -0.601140766069293
1.05          -0.486587416045368
1.06          -0.296256142873317
1.07          -0.258607638906688
1.08          -0.416372186690569
1.09          -0.430671881474555
1.1           -0.460365796722472
1.11          -0.564287446886301
1.12          -8.56991863064468E-02
1.13          -0.42696763381362
1.14          -0.239696044139564
1.15          -0.314690824113786
1.16          -0.180793532542884
1.17          -6.86287701129913E-02
1.18          -6.72990310471505E-02
1.19          0.175056317634881
1.2           -4.21649601456011E-03
1.21          -6.24149066302925E-02
1.22          -0.426686236560345
1.23          -0.41015016451478
1.24          -0.615640910714865
1.25          -0.869000545665622
1.26          -1.2280738927424
1.27          -1.0162824062258
1.28          -1.19927387058735
1.29          -1.1611175724864
1.3           -0.990171445459128
1.31          -0.79736820705235
1.32          -0.836996468603611
1.33          -0.365419037863612
1.34          -0.161082385852933
1.35          -0.235036233533174
1.36          0.117116330824792
1.37          0.135652607437223
1.38          0.205139109268785
1.39          7.00124908564612E-02
1.4           -0.17883283322677
1.41          0.266010670736432
1.42          6.46543673845008E-02
1.43          0.320726868286729
1.44          0.255301623176783
1.45          0.115012703631073
1.46          0.13299669245258
1.47          0.345794978141785
1.48          0.513998870663345
1.49          0.8581084985286
1.5           1.0106914447993
1.51          0.935399772450328
1.52          0.979017808511853
1.53          0.57756917797029
1.54          0.671189313232899
1.55          0.726612804606557
1.56          0.65875133536756
1.57          0.492275843247771
1.58          0.438901910595596
1.59          -5.17153448075987E-03
1.6           -0.247725532036275
1.61          -0.571131247356534
1.62          -0.629014223814011
1.63          -0.634838562235236
1.64          -0.690814396217465
1.65          -0.84882487423718
1.66          -0.588929879441857
1.67          -0.61432579882443
1.68          -0.430065196305513
1.69          -0.381759922541678
1.7           -0.231213470119983
1.71          -0.605593822784722
1.72          -1.06738546304405
1.73          -1.06176782369614
1.74          -0.854300133883953
1.75          -0.799751605242491
1.76          -1.44307952061296
1.77          -1.74198728442192
1.78          -1.6407826526463
1.79          -1.8537753765285
1.8           -1.45285781934857
1.81          -1.85377435326576
1.82          -1.46838802412152
1.83          -0.640747904554009
1.84          -0.728265154659748
1.85          -0.103674121079966
1.86          -7.53378162451554E-03
1.87          0.138740238798782
1.88          0.10521908336319
1.89          -5.44017087109387E-02
1.9           0.182210678346455
1.91          0.614245180338621
1.92          0.555842751860619
1.93          0.780844487249851
1.94          0.85678337328136
1.95          1.0811473967135
1.96          1.28307309553027
1.97          1.23067341864109
1.98          1.33807931497693
1.99          1.29269512742758
2             1.40037569671869
2.01          1.90103842064738
2.02          1.65346277832985
2.03          0.45183931376785
2.04          0.10338626448065
2.05          -0.211961092315614
2.06          -7.34452084405348E-02
2.07          0.13325696663931
2.08          8.98981997743249E-02
2.09          -6.00240806490183E-02
2.1           0.361303292401135
2.11          0.341959789395332
2.12          0.864886956363916
2.13          1.2512097170949
2.14          0.711567553281784
2.15          0.146747333686799
2.16          -0.528901596106589
2.17          -0.678708759471774
2.18          -0.908761904463172
2.19          -0.670178402736783
2.2           -0.580813797935844
2.21          -0.595584705211222
2.22          -0.468798322230577
2.23          -0.330507578998804
2.24          -0.571537226848304
2.25          -0.928327492028475
2.26          -0.856591876968742
2.27          -0.379092276580632
2.28          0.284642439689487
2.29          0.581335333026946
2.3           0.66083930298686
2.31          0.968987202420831
2.32          0.920430461838841
2.33          1.03611967004836
2.34          0.889349002316594
2.35          1.09719858840108
2.36          1.30952268317342
2.37          1.12886476948857
2.38          1.09396339707077
2.39          1.09748488269746
2.4           0.935063045918942
2.41          0.71835090816021
2.42          0.390428200475872
2.43          -0.030408974904567
2.44          -0.244199021458626
2.45          0.133596580233425
2.46          0.148362818872556
2.47          0.233612619247288
2.48          0.150872206287459
2.49          0.74275302015245
2.5           0.889161891415715
2.51          0.719767907783389
2.52          1.02396667085588
2.53          1.01988107509911
2.54          1.35896396130323
2.55          0.850871253535151
2.56          0.552067095078528
2.57          0.436240367665887
2.58          0.655299870148301
2.59          0.735080961585045
2.6           0.098624145872891
2.61          -0.079175054943189
2.62          -0.06375269475393
2.63          -0.232010409068316
2.64          7.68271877244115E-02
2.65          0.256799588464201
2.66          0.630662480816245
2.67          0.560294310227036
2.68          0.667409380674362
2.69          -2.77918502571993E-02
2.7           0.517980861067772
2.71          0.429735596068204
2.72          0.583686059899628
2.73          0.247543007545173
2.74          0.294110397454351
2.75          -8.35138077288866E-02
2.76          0.195720012299716
2.77          0.273559334781021
2.78          -0.070538557539694
2.79          0.158627816084772
2.8           -0.559142116382718
2.81          7.06083495402709E-02
2.82          -0.376564963795245
2.83          -0.21865880375728
2.84          -0.153602408319712
2.85          -1.14656315837055E-02
2.86          -0.143946426026523
2.87          0.153339374978095
2.88          -0.185655090361834
2.89          -0.403944916538894
2.9           -0.49447925683111
2.91          -0.60229197319597
2.92          -0.567969950214028
2.93          -1.49173317879438
2.94          -1.72577617138624
2.95          -1.62091542184353
2.96          -1.47256352081895
2.97          -1.38705208495259
2.98          -0.96807043209672
2.99          -0.944426923245192
3             -0.410462003834546
3.01          -0.284682694114745
3.02          7.11360653210431E-02
3.03          0.152809196971357
3.04          0.501312349587679
3.05          0.277326348647475
3.06          8.18850566726178E-02
3.07          6.06626194389537E-02
3.08          -0.278249898087233
3.09          -0.226709524355829
3.1           -0.607113185226917
3.11          -0.724552465081215
3.12          -0.922252673506737
3.13          -0.793107194826007
3.14          -0.777599648013711
3.15          -1.18651568457484
3.16          -1.35626868724823
3.17          -1.4055289940536
3.18          -1.79153658986092
3.19          -1.89758914813399
3.2           -1.84968042522669
3.21          -1.25209016159177
3.22          -1.16824328184128
3.23          -1.12509331539273
3.24          -1.22069090589881
3.25          -0.974395219087601
3.26          -0.814263882860541
3.27          -0.391940400078893
3.28          7.20515657030046E-02
3.29          0.522658268138766
3.3           0.850109361335635
3.31          0.85592361330986
3.32          0.557856057845056
3.33          0.956657251864672
3.34          0.741335362717509
3.35          1.13902408741415
3.36          1.31042578563094
3.37          1.36290410757065
3.38          0.949637888744474
3.39          1.54129549428821
3.4           1.5172898966074
3.41          1.58241940051317
3.42          1.65552684545517
3.43          1.34944484040141
3.44          1.41909468054771
3.45          1.11955293238163
3.46          0.910185774564743
3.47          0.645529392063618
3.48          0.372056833617389
3.49          0.278165387548506
3.5           0.362449785210192
3.51          -0.173547443635762
3.52          -0.206283939275891
3.53          -0.530132179185748
3.54          -0.255816634967923
3.55          -0.440876661501825
3.56          0.110496908118948
3.57          0.193720100093633
3.58          0.426675967387855
3.59          -0.306075828932226
3.6           -0.652045748457313
3.61          -1.05829808592796
3.62          -1.34392492264509
3.63          -0.988227904066443
3.64          -0.763912997245789
3.65          -0.138316388754174
3.66          -0.561297984793782
3.67          -0.124605344133452
3.68          -0.266813036631793
3.69          -0.171150213126093
3.7           -7.43767795292661E-02
3.71          -0.616959823295474
3.72          -0.274285778235644
3.73          -0.698449178785086
3.74          -0.588596953600645
3.75          -0.463500087037683
3.76          -0.888685270249844
3.77          -0.654209510609508
3.78          -1.07472481504083
3.79          -1.07590756058693
3.8           -1.30158888861537
3.81          -0.891822301447392
3.82          -1.20367996685207
3.83          -0.770127856582403
3.84          -0.108880189536139
3.85          -2.90463155577891E-02
3.86          0.505146843977273
3.87          0.319989132396877
3.88          0.103658571140841
3.89          0.370174505263567
3.9           0.205275477301329
3.91          0.937765336632729
3.92          0.849511556625366
3.93          0.921964990496635
3.94          1.2128120020777
3.95          1.19962843112648
3.96          1.47472742915154
3.97          1.17974899426103
3.98          1.13905127696693
3.99          0.730954946950078
4             0.912787054628134
4.01          1.36375370800495
4.02          0.615099604725838
4.03          0.479644285999239
4.04          0.190334671866149
4.05          0.337183966375887
4.06          0.397273462750018
4.07          0.346822991743684
4.08          0.419049590192735
4.09          0.256695416662842
4.1           -0.107385823940858
4.11          -0.694799566045403
4.12          -5.35642686579376E-02
4.13          -0.348203409723938
4.14          0.139007575325668
4.15          0.680919080078602
4.16          0.896971286460757
4.17          0.938000833243132
4.18          1.34730709835887
4.19          1.59496825620532
4.2           1.40761849656701
4.21          1.11745604775846
4.22          0.603979625813663
4.23          0.153342883307487
4.24          -0.334365279525518
4.25          -0.97453606389463
4.26          -1.28033542916179
4.27          -0.990640757605433
4.28          -0.643547697588801
4.29          -0.881045371368527
4.3           -0.613547680601478
4.31          -0.370536374822259
4.32          9.27428884617984E-02
4.33          0.139460195498541
4.34          0.508600465357304
4.35          0.521412336118519
4.36          0.908893466815352
4.37          0.732839650735259
4.38          0.495151869356632
4.39          -8.35550671443343E-02
4.4           -0.106198775209486
4.41          -0.15742604881525
4.42          -8.25411873590201E-02
4.43          -0.278998707141727
4.44          2.80202959477901E-02
4.45          0.120472687426955
4.46          9.69002679269761E-02
4.47          4.78247559769079E-02
4.48          -0.184566813893616
4.49          -0.03198345877463
4.5           0.16268011925742
4.51          0.341911294050515
4.52          0.428644834533334
4.53          0.513384145572782
4.54          -6.0534436366288E-03
4.55          0.39361990313977
4.56          0.469651796445251
4.57          1.25312497258186
4.58          1.05704122692347
4.59          1.32338189989328
4.6           0.989928859099746
4.61          0.903249222636223
4.62          0.277802988085896
4.63          0.235797504466027
4.64          0.082079851180315
4.65          -0.540286673158407
4.66          -0.621385215371847
4.67          -0.885327506661415
4.68          -0.960490467175841
4.69          -0.930848299786449
4.7           -1.23096475616097
4.71          -0.740548400580883
4.72          -1.14310683265328
4.73          -1.39751947805285
4.74          -1.19440504029393
4.75          -0.92800267919898
4.76          -0.670008760392666
4.77          -0.379818171858788
4.78          -8.62416982837021E-02
4.79          -0.161950642559677
4.8           -0.217074939217418
4.81          -0.612330326847732
4.82          -0.50031781129539
4.83          -0.32809900123626
4.84          -0.046988179301843
4.85          -5.22338626440614E-03
4.86          0.46564630754292
4.87          0.340431473404169
4.88          0.800349190682173
4.89          1.03034569077194
4.9           0.821795754432678
4.91          0.871152467206121
4.92          0.393907841965556
4.93          0.417136637046933
4.94          -4.11278730811318E-03
4.95          -0.110070975003764
4.96          -0.35607774540782
4.97          -0.697798456773162
4.98          -0.582219980210066
4.99          -1.04898390993476
5             -1.14680614672601
5.01          -0.852666129469872
5.02          -0.371814466528595
5.03          -0.355481694862247
5.04          -0.567341703437269
5.05          -0.324462690912187
5.06          6.83197082206607E-02
5.07          0.132235266203061
5.08          0.345151455514133
5.09          0.365544935725629
5.1           0.526187976412475
5.11          0.565351676680148
5.12          0.674718838781118
5.13          0.968633445873857
5.14          0.877084467485547
5.15          0.574556802101433
5.16          0.93773822017014
5.17          0.477579414881766
5.18          0.733164609745145
5.19          1.01964718647301
5.2           1.34677631735802
5.21          0.815893867313862
5.22          0.357599666006863
5.23          0.181131903603673
5.24          0.508241044320166
5.25          -5.27738906966988E-03
5.26          0.137416200768203
5.27          5.47603942779824E-02
5.28          -0.582032905854285
5.29          -0.533629435412586
5.3           -0.633465489819646
5.31          -0.355674835704267
5.32          -0.652751945927739
5.33          -0.274317590743303
5.34          -0.334829073362052
5.35          5.34809778118506E-02
5.36          0.110967846522108
5.37          0.117133324295282
5.38          0.08762515864335
5.39          -0.043708937424235
5.4           0.161795563437045
5.41          0.293489331789315
5.42          -5.08141678199172E-02
5.43          0.285336833093315
5.44          1.5055775170913E-03
5.45          -0.180347426533699
5.46          0.191538101937622
5.47          -0.306409960761666
5.48          -0.186647417675704
5.49          -0.306759733892977
5.5           -0.484520681127906
5.51          -0.478880493454635
5.52          5.35124659817666E-02
5.53          0.508181585446
5.54          0.388196683712304
5.55          0.30277977174148
5.56          4.94200545642525E-02
5.57          5.65105435810983E-02
5.58          -0.124613923095167
5.59          -8.39304401166737E-02
5.6           -0.433930278941989
5.61          -0.360226637274027
5.62          -0.240641520638019
5.63          -1.08504291228019E-02
5.64          -0.189922479707748
5.65          -0.165703933741897
5.66          -0.238989188857377
5.67          -3.65800600661896E-02
5.68          -0.229908883217722
5.69          -0.363875153660774
5.7           -0.330074044503272
5.71          -0.37974376603961
5.72          -6.88441577833146E-02
5.73          3.23658095765859E-02
5.74          0.677853092551231
5.75          0.623578432872892
5.76          0.469801667891443
5.77          0.528044979013503
5.78          0.545212879255414
5.79          0.870882545113564
5.8           0.476218987070024
5.81          0.141223012246192
5.82          5.32931223046035E-02
5.83          -0.13119701997377
5.84          -0.592870537340641
5.85          -0.735336631089449
5.86          -1.21972165681422
5.87          -1.24694227293134
5.88          -1.28150721117854
5.89          -1.08228044092655
5.9           -1.40495889052749
5.91          -0.910358486697078
5.92          -0.884839556515217
5.93          -1.08561028406024
5.94          -0.634955945089459
5.95          -0.752451504394412
5.96          -0.81719092592597
5.97          -1.18052075363696
5.98          -1.32629542127252
5.99          -1.33107742041349
6             -1.47713107332587
6.01          -1.43238291665912
6.02          -1.29968810498714
6.03          -1.15644396610558
6.04          -1.38491390436888
6.05          -1.15819469556212
6.06          -0.937403028532863
6.07          -0.692951626628637
6.08          -0.296519523393363
6.09          -0.499042058475316
6.1           -0.290882935412228
6.11          -0.447143487967551
6.12          -0.322122891023755
6.13          -0.792667630389333
6.14          -1.05277962997556
6.15          -0.897154669761658
6.16          -0.707158460319042
6.17          -0.519152423813939
6.18          -0.281643092148006
6.19          -0.228685864973813
6.2           0.188484850376844
6.21          0.524851120188832
6.22          0.28503559185192
6.23          0.216111117079854
6.24          0.479706193394959
6.25          0.662288754656911
6.26          0.581150195561349
6.27          1.1431301484257
6.28          0.692090331763029
6.29          0.460592412874103
6.3           0.385435372665525
6.31          0.22286485215649
6.32          0.893753709867597
6.33          1.27482267424464
6.34          1.18618422053754
6.35          0.912530581131578
6.36          0.908546215295792
6.37          0.709170121774077
6.38          1.55096415773034
6.39          1.42173776820302
6.4           1.47758759468794
6.41          1.22665272697806
6.42          0.959900336936116
6.43          0.763229457736015
6.44          0.800863380208611
6.45          0.529775425940752
6.46          0.315388104580343
6.47          0.268904439490289
6.48          9.67051993310452E-02
6.49          0.172997330278158
6.5           0.108771787639707
6.51          0.471110969111323
6.52          0.66057902880013
6.53          0.137798380265012
6.54          -0.441546971686184
6.55          -0.437057406418026
6.56          -0.960627803653479
6.57          -0.790229706913233
6.58          -0.675637874901295
6.59          -0.246187257505953
6.6           -0.105820341585204
6.61          -0.442175547368825
6.62          -4.13265350880101E-02
6.63          -0.118989267088473
6.64          0.418911157362163
6.65          0.619228835329413
6.66          0.701120186895132
6.67          0.462865408323705
6.68          0.395133674181998
6.69          0.360292454995215
6.7           0.193463791050017
6.71          0.317695562057197
6.72          0.117958713602275
6.73          -0.130754394885153
6.74          -0.312651096023619
6.75          -0.533278858289123
6.76          -0.432462481632829
6.77          -0.508018996305764
6.78          -0.346527414992452
6.79          -0.338048184849322
6.8           -1.11247129641473
6.81          -0.660488689318299
6.82          -0.775418198034167
6.83          -0.69149757027626
6.84          -0.533296034485102
6.85          -0.156589823886752
6.86          -0.28203352170065
6.87          -0.124690795708448
6.88          -0.539937557838857
6.89          1.87717458140105E-02
6.9           -0.177778324428946
6.91          -0.294285722561181
6.92          4.15587974572554E-02
6.93          0.200297048259526
6.94          0.280292805600911
6.95          4.21638426650316E-02
6.96          8.59094302542508E-02
6.97          -0.538911846578121
6.98          -0.295228659175336
6.99          -0.395730126723647
7             -0.656702178642154
7.01          -0.396047630533576
7.02          -0.29987613581121
7.03          0.470347468927503
7.04          0.319250592514873
7.05          0.476423091441393
7.06          1.00964881315827
7.07          1.12041254617274
7.08          1.36189429342747
7.09          1.32190284669399
7.1           1.72063500702381
7.11          1.11414286918938
7.12          1.20294007480145
7.13          1.22686731979251
7.14          1.20775920376182
7.15          1.38359433397651
7.16          0.751181489154697
7.17          0.733239234834909
7.18          0.296393059082329
7.19          0.759101762026548
7.2           0.228017710950226
7.21          1.0398556753993
7.22          0.966721844896674
7.23          0.531490743197501
7.24          0.558153169490397
7.25          0.643264911621809
7.26          0.315545029230416
7.27          0.282207969725132
7.28          -0.151037042951211
7.29          0.20949009552598
7.3           -0.28236986450851
7.31          0.227854007184505
7.32          -0.312050806246698
7.33          0.183629468679428
7.34          0.36999846752733
7.35          0.743239362314344
7.36          1.14153166584671
7.37          1.04513717293739
7.38          0.839993532076478
7.39          1.02504270471632
7.4           0.377325978912413
7.41          0.370100976526737
7.42          9.66696774959564E-02
7.43          0.16775636125356
7.44          0.111899161795154
7.45          9.83262576442212E-02
7.46          -0.107664708718657
7.47          -0.338877539299428
7.48          -0.648638575896621
7.49          -0.963804595917463
7.5           -1.3358605889976
7.51          -1.36198857977986
7.52          -1.26684122487903
7.53          -1.01180146560073
7.54          -0.837840879634023
7.55          -0.568856753557921
7.56          -0.18914328340441
7.57          -0.32415509082377
7.58          -0.436091300211847
7.59          -0.498673062622547
7.6           -0.260788284894079
7.61          -0.397183232903481
7.62          -0.18254356764257
7.63          -6.60945959854871E-03
7.64          -0.122554643377662
7.65          -0.164718403816223
7.66          -0.428167336285114
7.67          5.31294961972162E-02
7.68          -4.22172396210954E-02
7.69          0.093148694364354
7.7           -0.110436362028122
7.71          0.134155272552744
7.72          8.94048866350204E-02
7.73          0.233316183686256
7.74          0.285579090546817
7.75          0.371993793323636
7.76          0.191344796642661
7.77          0.314228930622339
7.78          0.328439163006842
7.79          0.294263740684837
7.8           0.115198307046667
7.81          0.493590808957815
7.82          0.423685847483575
7.83          0.268690650667995
7.84          -0.221658388841897
7.85          -0.119226024504751
7.86          9.75780607201159E-03
7.87          5.24751790612936E-02
7.88          -0.350126997493207
7.89          -0.34412687715143
7.9           -0.459690004773438
7.91          -0.621419129222632
7.92          -0.294446904715151
7.93          -8.17193886078894E-02
7.94          -0.268324377425015
7.95          -0.236288414765149
7.96          -0.590798028297722
7.97          -0.629749511182308
7.98          -0.473233727663755
7.99          -1.06775281436741
8             -1.06183711320162
8.01          -1.04574959568679
8.02          -1.2742328363657
8.03          -0.949498432651162
8.04          -0.578073098324239
8.05          -0.317135873883963
8.059999      -0.715193338617683
8.07          -0.739734029620886
8.08          -0.968125249743462
8.09          -1.1180626963824
8.099999      -0.874575719609857
8.11          -0.761476754844189
8.12          -0.504927975386381
8.13          -0.797015546858311
8.139999      -0.107000026479363
8.15          -0.171045986507088
8.16          0.126406624596566
8.17          -9.18731151334941E-02
8.179999      -2.29942349391058E-02
8.19          0.253525184243917
8.2           8.86983145773411E-02
8.21          0.276007436066866
8.22          0.301935579981655
8.23          0.654545506238937
8.24          1.01370056815445
8.25          0.977145018428564
8.26          1.1917707234621
8.27          0.913266891762614
8.28          1.16400295414031
8.29          0.938897211402655
8.3           1.31295456022024
8.309999      1.15736936107278
8.32          1.30407073929906
8.33          1.62322580292821
8.34          1.88718870565295
8.349999      1.93514786079526
8.36          1.83280945390463
8.37          1.60366482004523
8.38          1.20035757891834
8.389999      1.04997406281531
8.4           0.834600645080209
8.41          0.583790907785297
8.42          -0.423710369244218
8.429999      -1.03739407069981
8.44          -1.02127059280872
8.45          -1.63463255122304
8.46          -1.14028810925782
8.47          -0.955735584497452
8.48          -0.867147563025355
8.49          -0.167353305369616
8.5           6.82452704245225E-02
8.51          0.263561125919223
8.52          0.318841872140765
8.53          1.19569347426295E-02
8.54          -0.164479161333293
8.55          -3.92627226363402E-03
8.559999      -0.14439511760138
8.57          0.246204762607813
8.58          -0.174709120932966
8.59          0.383157041631639
8.599999      -0.463675576597452
8.61          -5.01635006256402E-02
8.62          -0.392436719052494
8.63          0.18519953744486
8.639999      -0.314840659014881
8.65          -0.414643530473113
8.66          -5.87234908668324E-02
8.67          6.63615122437477E-02
8.679999      0.497474931590259
8.69          0.155954834539443
8.7           4.42192166252062E-02
8.71          -0.29109909966588
8.72          -0.399501471184194
8.73          -0.112190773403272
8.74          -5.59480779804289E-02
8.75          -0.231508973781019
8.76          0.162365941051394
8.77          0.262918425556272
8.78          0.42199066657573
8.79          0.373824593089521
8.8           0.629042436629534
8.809999      0.230705255717039
8.82          9.55949409864843E-02
8.83          -8.60149999056011E-02
8.84          0.429036378711462
8.849999      0.600256557427347
8.86          0.838890527933836
8.87          0.719183478578925
8.88          0.372480025850236
8.889999      0.698422573953867
8.9           0.805413098707795
8.91          1.26168047234416
8.92          1.5713196310401
8.929999      1.26247189298272
8.94          0.915500308871269
8.95          0.741685464754701
8.96          5.91610133461654E-02
8.97          -0.545662274323404
8.98          -0.760488867759705
8.99          -0.864799540489912
9             -1.03113623432815
9.01          -0.978916286230087
9.02          -1.28622825309634
9.03          -1.3104348488152
9.04          -1.15380957618356
9.05          -0.825458961948752
9.059999      -0.377471793852746
9.07          -0.183076632712036
9.08          -5.94509301753715E-02
9.09          -0.341051387898624
9.099999      -0.499721833840013
9.11          -0.661737069860101
9.12          -0.686312332525849
9.13          -0.77964624658227
9.139999      -1.05358618028462
9.15          -0.728831676766276
9.16          -0.837801337838173
9.17          -0.715038972124457
9.179999      -8.50670474767685E-02
9.19          -0.224321850389242
9.2           0.193437533397228
9.21          0.193059675358236
9.22          0.165136772096157
9.23          -0.264000489357859
9.24          -0.462929873876274
9.25          -0.714816412478685
9.26          -0.297088219933212
9.27          -0.139552682004869
9.28          0.110592071553692
9.29          0.131670251581818
9.3           -6.78588882414624E-02
9.309999      -0.272269128374755
9.32          -0.263660473767668
9.33          0.139411033205688
9.34          0.156462372858077
9.349999      -7.95997455250472E-02
9.36          -0.242474202476442
9.37          -0.20419799990952
9.38          -0.429158037342131
9.389999      -0.565099223144352
9.4           -0.20008718803525
9.41          -0.467750464640558
9.42          -0.467813578024507
9.429999      -0.770322422683239
9.44          -1.09092949613929
9.45          -1.12395690903068
9.46          -1.18958751931787
9.469999      -1.10843956813216
9.48          -0.270960338786244
9.49          0.234483397565782
9.5           0.662061590328813
9.51          0.905467948615551
9.52          0.772846592590213
9.53          0.424056049324572
9.54          -4.57309548463672E-02
9.55          -6.63030035421252E-02
9.559999      -0.358486469350755
9.57          -0.640211495608091
9.58          -0.448186338879168
9.59          0.104560769107193
9.599999      0.638352300301194
9.61          0.107700458960608
9.62          0.471454748846591
9.63          0.881313246935606
9.639999      0.648275609984994
9.65          0.686620919331908
9.66          0.117410582816228
9.67          7.08621598128229E-02
9.679999      3.28364373464137E-02
9.69          0.371357872076333
9.7           0.230261927135289
9.71          0.349345078580081
9.719999      -5.92050867341459E-02
9.73          -0.062568501108326
9.74          -0.194047909621149
9.75          -0.121885575726628
9.76          1.19194166315719E-02
9.77          0.146488576121628
9.78          2.78812349983491E-02
9.79          0.455254197344184
9.8           0.856883214488626
9.809999      0.352570439279079
9.82          0.761296514421701
9.83          0.474174142666161
9.84          0.747180824205279
9.849999      0.613743781596422
9.86          0.366685910224915
9.87          0.451955490633845
9.88          -6.96218785783276E-02
9.889999      -6.63071742514148E-02
9.9           0.334560028351843
9.91          0.716543460711837
9.92          0.742413296923041
9.929999      0.644365503787994
9.94          0.527281369194388
9.95          0.82186336286366
9.96          0.906441656202078
9.969999      0.86472016453743
9.98          0.581509506963193
9.99          0.67675242729485
10            0.555533726513386
10.01         0.279622458871454
10.02         0.105275508994237
10.03         6.32960135070607E-02
10.04         0.142383967777714
10.05         -2.95868598099332E-03
10.06         5.36251071095467E-02
10.07         -0.131762007186189
10.08         4.79502061614767E-02
10.09         -9.07757332257461E-03
10.1          0.384525070823729
10.11         -0.034273166754283
10.12         7.87322014477104E-02
10.13         3.68154813023284E-02
10.14         -8.22273654676974E-02
10.15         0.461252051889896
10.16         0.467899787910283
10.17         0.528689122907817
10.18         -7.15902112517506E-02
10.19         -3.82563585788012E-02
10.2          -0.475103338323534
10.21         -0.585429809242487
10.22         -0.580579288043082
10.23         -0.842877305746079
10.24         -0.94279343046248
10.25         -0.643557126224041
10.26         -1.26235085561872
10.27         -1.79943369314075
10.28         -1.86927692994475
10.29         -2.01328288793564
10.3          -1.80906727328897
10.31         -1.64650239899755
10.32         -1.72649610981345
10.33         -1.63011206880212
10.34         -1.12249262005091
10.35         -1.21144952774048
10.36         -0.699902358055115
10.37         -0.811493837535381
10.38         -0.905129979550839
10.39         -0.434442312307656
10.4          -0.76150416366756
10.41         -0.699638429358602
10.42         -0.314508062079549
10.43         -0.649313052222133
10.44         -0.30701660938561
10.45         -0.328530452661216
10.46         -0.238493765238672
10.47         -9.01805106550455E-02
10.48         -2.73864480637712E-03
10.49         0.491785188764334
10.5          1.02947467491031
10.51         1.37269453927875
10.52         1.66417546212673
10.53         1.9100730997324
10.54         1.95146188482642
10.55         2.00138935893774
10.56         1.9888253004849
10.57         1.64422695502639
10.58         1.17929766230285
10.59         1.21213957227767
10.6          1.02255230247974
10.61         0.745436672866345
10.62         0.618896128758788
10.63         0.555111996084452
10.64         0.175305610019714
10.65         -2.32863444741815E-02
10.66         -9.43615713436157E-02
10.67         0.567252021767199
10.68         0.626271514222026
10.69         0.416130879409611
10.7          0.172126314416528
10.71         0.562636924088001
10.72         0.826432742625475
10.73         0.521993183903396
10.74         0.387406432516873
10.75         0.210837038196623
10.76         -9.88506889343262E-02
10.77         0.13884828438051
10.78         0.12239407335408
10.79         3.67665382800624E-02
10.8          0.234821019452065
10.81         0.629406937435269
10.82         0.898349694460631
10.83         0.809298938959837
10.84         0.474613780193031
10.85         0.058387682531029
10.86         -0.261805316694081
10.87         -0.774561580941081
10.88         -0.885863769426942
10.89         -0.776362596452236
10.9          -0.843035034388304
10.91         -0.836433162465692
10.92         -0.644186505898833
10.93         -0.561333579719067
10.94         -0.619773576557636
10.95         -0.357639463618398
10.96         -0.740223587751389
10.97         -0.692024916037917
10.98         -0.781739622876048
10.99         -0.471814425699413
11            -0.32467311758548
11.01         -0.268638263270259
11.02         0.193054961040616
11.03         -0.217612517606467
11.04         -0.224929211642593
11.05         -0.596306763254106
11.06         -0.421896197497845
11.07         -0.447478058338165
11.08         0.388250295370817
11.09         0.336397917866707
11.1          0.514906102716923
11.11         0.531820197254419
11.12         1.12886893562973
11.13         0.919894564524293
11.14         0.706435598284006
11.15         0.182609257455915
11.16         0.123946116250008
11.17         4.79057262092829E-02
11.18         0.125185296563432
11.19         -1.23362557275686E-02
11.2          -4.18127858871594E-02
11.21         -0.273219227828085
11.22         -0.540611595623195
11.23         -0.549689909555018
11.24         -0.677295048907399
11.25         -0.58763095702976
11.26         -0.422828353308141
11.27         -0.46362127058208
11.28         -0.785589429661632
11.29         -0.620922042801976
11.3          -0.452166136577725
11.31         -0.347117983773351
11.32         -0.561122349053621
11.33         -0.506125375516713
11.34         0.146973529569805
11.35         -7.01579083688557E-02
11.36         -0.251788542922586
11.37         -2.91517641535029E-02
11.38         -0.199214966185391
11.39         -0.43309675835073
11.4          -0.706913242712617
11.41         -1.19193510331213
11.42         -1.02635569699109
11.43         -0.87346555262804
11.44         -0.577695514373481
11.45         -0.665611581131816
11.46         -0.419332741610706
11.47         -0.639462101832032
11.48         1.04442748997826E-02
11.49         -0.186272373609245
11.5          0.667112999930978
11.51         1.14752016484737
11.52         1.42138342693448
11.53         1.69502624899149
11.54         1.5176936468482
11.55         1.3250708681345
11.56         1.20601987637579
11.57         1.03644455596805
11.58         0.492080034613609
11.59         0.414591307528317
11.6          -0.457916836626828
11.61         -0.124646101053804
11.62         4.40894038695842E-02
11.63         -0.347385603524745
11.64         -0.131329943630844
11.65         -0.7564728538692
11.66         -0.726686918064952
11.67         -0.796710176020861
11.68         -0.554132039286196
11.69         -0.500054467320442
11.7          9.96724237315357E-02
11.71         -0.136221358794719
11.72         -0.331576121114194
11.73         6.13202130713034E-03
11.74         9.89748371997848E-03
11.75         0.264178007170558
11.76         -0.30851199824363
11.77         -0.320890297964215
11.78         -0.807659452781081
11.79         -1.1967711891979
11.8          -1.05865966312587
11.81         -1.10424397163093
11.82         -0.556099371537566
11.83         -0.910393204540014
11.84         -0.739460160657764
11.85         -0.894425628036261
11.86         -1.09564988024533
11.87         -1.21728117518127
11.88         -1.23962009713054
11.89         -0.637014530450106
11.9          -0.954918070659041
11.91         -1.13236776329577
11.92         -0.300031744837761
11.93         -0.19873176690191
11.94         9.73811374604702E-02
11.95         0.364217069596052
11.96         0.540398318432271
11.97         0.560519976206124
11.98         0.738086868971586
11.99         0.508778622709215
12            0.659640769958496
12.01         8.77825492434204E-02
12.02         0.634374366402626
12.03         1.46209832042456
12.04         0.907702900618315
12.05         0.93884984895587
12.06         0.689505862444639
12.07         0.329666639752686
12.08         0.103018785249442
12.09         0.305311963297427
12.1          -7.70445214211941E-02
12.11         -7.42738274205476E-02
12.12         0.200477343499661
12.13         0.14187054569833
12.14         0.384711633548141
12.15         0.295945527814329
12.16         0.231864594127983
12.17         0.158555383700877
12.18         -0.207072180490941
12.19         -0.375201904736459
12.2          -0.385094151087105
12.21         1.62408173480071E-02
12.22         -0.124124163966626
12.23         0.213599792774767
12.24         0.159901010747999
12.25         0.564785629659891
12.26         0.349955929890275
12.27         0.429901254996657
12.28         -4.75980027811602E-02
12.29         -2.10257880622521E-02
12.3          9.52606538403779E-02
12.31         -0.440441299751401
12.32         -5.06790377525613E-02
12.33         0.260822107382119
12.34         0.539893118999898
12.35         0.238952387943864
12.36         -0.234790942836553
12.37         -0.466638214588165
12.38         -0.783310477361083
12.39         -0.840823398157954
12.4          -0.763867462053895
12.41         -0.632252996563911
12.42         -0.614179033711553
12.43         -0.291277421470731
12.44         2.56222523096949E-02
12.45         0.131631422415376
12.46         0.390571786165237
12.47         0.180737143456936
12.48         0.100688267815858
12.49         0.202821163348854
12.5          8.53711666446179E-02
12.51         -4.94854428805411E-02
12.52         -0.10570515143685
12.53         0.172492605932057
12.54         0.118949908018112
12.55         5.13591328868643E-02
12.56         -0.191441092975438
12.57         -0.418306226357818
12.58         -0.846583490297198
12.59         -1.01352376297116
12.6          -0.42061675362289
12.61         -0.12476638010703
12.62         -0.351233071424067
12.63         7.73692977055907E-02
12.64         -4.66750609036535E-02
12.65         0.263825310431421
12.66         0.400117438808084
12.67         0.349453836791217
12.68         0.662387645691633
12.69         0.25067550715059
12.7          0.679062296748161
12.71         0.90476518638432
12.72         1.15600315913558
12.73         1.12137572877109
12.74         1.17265975691378
12.75         0.827317937985063
12.76         0.65492857195437
12.77         0.562037036307156
12.78         0.366429473273456
12.79         -0.403700320199132
12.8          -0.555033570304513
12.81         -0.685428745150566
12.82         -0.585468327775598
12.83         -1.0560867420584
12.84         -0.857055414989591
12.85         -1.23481675565243
12.86         -0.911103348881006
12.87         -0.877797316163778
12.88         -0.450565461292863
12.89         -0.619341394230723
12.9          -0.634773146510124
12.91         -0.15122726932168
12.92         -8.69108481612057E-02
12.93         0.267438871432096
12.94         0.138643257245421
12.95         0.452272044271231
12.96         0.316827871799469
12.97         0.335295388810337
12.98         0.116399617502466
12.99         0.299478342421353
13            -0.310130946077406
13.01         -0.409178905449808
13.02         -0.604482595995069
13.03         4.53356419550255E-02
13.04         0.205938332285732
13.05         0.418752843998373
13.06         0.163479250911623
13.07         0.239444522503763
13.08         -5.69825052469969E-02
13.09         -0.396500972472131
13.1          -0.509283675961197
13.11         -1.13337063387036
13.12         -1.05780882015824
13.13         -0.913260021284223
13.14         -0.704268985614181
13.15         -0.648946870341897
13.16         -0.714094939157367
13.17         -0.834601522162557
13.18         -1.36098651319742
13.19         -1.01818479783833
13.2          -1.18856030970812
13.21         -0.943967405185103
13.22         -0.707350322082639
13.23         -0.739183879718185
13.24         -0.380352168828249
13.25         0.289473116900772
13.26         0.286180293951184
13.27         0.244690644387156
13.28         0.283927453123033
13.29         0.217385846637189
13.3          0.547479113861919
13.31         0.52022246427834
13.32         0.397469783015549
13.33         0.758773367777467
13.34         0.753047920390964
13.35         0.776838632896543
13.36         0.782605083882809
13.37         0.506112182736397
13.38         0.315144604593515
13.39         -0.186959658991545
13.4          0.11620648579672
13.41         -2.59107438800856E-02
13.42         0.22066332064569
13.43         0.477518421113491
13.44         0.632688248679042
13.45         1.11445306397974
13.46         0.92645850263536
13.47         0.978205337896943
13.48         1.41410247400403
13.49         1.20209054745734
13.5          1.27877232223749
13.51         1.38223631814122
13.52         1.37348245158792
13.53         1.19752847671509
13.54         1.24025978252292
13.55         0.974876006394625
13.56         0.544354252181947
13.57         0.18331598483026
13.58         -6.10892240703106E-02
13.59         0.387293361984193
13.6          0.464067193865776
13.61         0.397000543959439
13.62         0.975452688038349
13.63         1.0930054038763
13.64         1.42297270014882
13.65         1.48339768052101
13.66         1.26786404907703
13.67         0.989784067422152
13.68         0.550917057394981
13.69         0.454488614089787
13.7          0.123667551241815
13.71         0.263401094935834
13.72         0.53493632465601
13.73         0.451362582966685
13.74         -1.14202060271055E-02
13.75         -0.436968236379325
13.76         -0.646252181008458
13.77         -0.71246590487659
13.78         -0.548984516076744
13.79         -0.690864170640707
13.8          -0.508807529881597
13.81         -0.553129241801798
13.82         -0.408952179662883
13.83         -7.86550033546519E-03
13.84         7.10848336620256E-02
13.85         0.219208222758025
13.86         0.60373605273664
13.87         0.704841574206948
13.88         0.294564561657608
13.89         0.136203798875213
13.9          -9.86005377396941E-02
13.91         -0.368666289076209
13.92         -1.50347685918678E-02
13.93         -0.33546207100153
13.94         -0.215884464383125
13.95         -0.430849307924509
13.96         -0.503124986439943
13.97         -0.787090702280402
13.98         -0.742245043292642
13.99         -0.655493997707963
14            -0.135562295364216
14.01         -0.329114918410778
14.02         -0.333069609627128
14.03         -0.144951078174636
14.04         -2.67856677831151E-02
14.05         0.547073974907398
14.06         0.222028280049562
14.07         0.118788625365123
14.08         -0.157714700270444
14.09         -0.20066545939073
14.1          -0.383396265842021
14.11         -0.633633816540241
14.12         -0.780289147943258
14.13         -0.954041134491563
14.14         -0.887154323011637
14.15         -0.592053681313992
14.16         -0.458909730389714
14.17         7.72300243377686E-02
14.18         0.132216381523758
14.19         0.388361136652529
14.2          0.512172127403319
14.21         0.804726635590196
14.22         0.996487315446138
14.23         0.628906708136201
14.24         0.831555561348796
14.25         0.781173758581281
14.26         0.316101611070335
14.27         0.261578262001276
14.28         0.174276975151151
14.29         0.258182253967971
14.3          -8.97581955045462E-02
14.31         -3.16053631925024E-02
14.32         -0.020827167739626
14.33         -0.312055374383926
14.34         -0.350798477120698
14.35         -0.221985449194908
14.36         -0.217667792066932
14.37         -0.237838493362069
14.38         -0.200421995949
14.39         -0.490839255452156
14.4          -0.587546172402799
14.41         -0.623614612519741
14.42         -0.594042392447591
14.43         -0.40255492374301
14.44         -0.382393358722329
14.45         -0.33584433272481
14.46         -0.146924148006365
14.47         -0.160821581762284
14.48         -0.200688994433731
14.49         -4.84856557985768E-02
14.5          4.70663675386459E-02
14.51         -0.263343828767538
14.52         -0.302790278457105
14.53         -0.484436846673489
14.54         -0.142451101122424
14.55         2.91251593222842E-02
14.56         0.301623192485422
14.57         0.62190152451396
14.58         0.406663031280041
14.59         0.470124945826829
14.6          0.35492591701448
14.61         0.633816907480359
14.62         0.34324676156044
14.63         0.501778665035963
14.64         0.415455599091947
14.65         0.557874111123383
14.66         0.493567822091281
14.67         9.99662371817976E-02
14.68         0.157523989677429
14.69         1.57210329954978E-02
14.7          -0.11618477800861
14.71         4.81800382817164E-02
14.72         -0.275338130872697
14.73         -4.69910663645715E-02
14.74         0.365542377568781
14.75         0.399007600732148
14.76         0.61447855733335
14.77         0.467143304385245
14.78         0.363443958051503
14.79         5.47152199689299E-02
14.8          0.201507330536842
14.81         -0.221795158870518
14.82         -0.300655386932194
14.83         -0.281471604276449
14.84         -0.288487312886864
14.85         -0.42278110049665
14.86         -0.292981446292251
14.87         -0.217931739035994
14.88         -0.410491239912808
14.89         -0.719389227479696
14.9          -0.854047095626593
14.91         -0.726149851307273
14.92         -0.355381488204002
14.93         -0.208899928741157
14.94         1.04407768486999E-02
14.95         0.142290805187076
14.96         6.2866490407032E-04
14.97         0.137945666145533
14.98         4.97743547195569E-02
14.99         0.276683575194329
15            0.173462713826448
15.01         2.24579424806871E-02
15.02         -9.41193984006532E-03
15.03         -5.89659150573425E-03
15.04         -0.10528697501868
15.05         -0.170697017367929
15.06         -0.216391509342939
15.07         -0.364858655333519
15.08         -0.466426764652133
15.09         -0.583269884325564
15.1          -0.506572358608246
15.11         -0.892779929190874
15.12         -1.10027122713625
15.13         -1.3713460251689
15.14         -1.12112057089806
15.15         -1.26218640267849
15.16         -1.11063483215868
15.17         -1.29145756423473
15.18         -0.897765557616949
15.19         -0.552842326238751
15.2          -0.354162014834583
15.21         -0.29330466940999
15.22         -0.431442398317158
15.23         -0.685459516122937
15.24         -0.661456184238195
15.25         -0.486783261224628
15.26         -0.205812215153128
15.27         0.266894367747009
15.28         0.519973080530763
15.29         0.363984021507204
15.3          0.604717727154493
15.31         0.610824559181929
15.32         0.605220806971192
15.33         0.66258118852973
15.34         0.67481100551784
15.35         0.758877009674907
15.36         0.951985253468156
15.37         0.80177766546607
15.38         0.774532929584384
15.39         0.410981017313898
15.4          0.315328170619905
15.41         -0.028078092020005
15.42         -0.117475432092324
15.43         -0.212579873912036
15.44         0.144975362392142
15.45         0.204596889652312
15.46         0.271670263856649
15.47         0.309095221459866
15.48         0.53165278416127
15.49         0.22287024255842
15.5          0.338204305507243
15.51         3.94670931017026E-02
15.52         0.107573684016243
15.53         -6.49513374175876E-02
15.54         -0.167796213682741
15.55         -0.109238130496815
15.56         -0.384847690947354
15.57         -0.220267208330333
15.58         -0.306949878036976
15.59         -0.385435884296894
15.6          -0.599970884397626
15.61         -0.597503871023655
15.62         -0.349862849526107
15.63         -0.186962546054274
15.64         -1.28541728539858E-02
15.65         0.111038259789348
15.66         9.15582791157067E-02
15.67         -4.92265299987048E-02
15.68         -0.116390682226047
15.69         8.32487369980663E-02
15.7          9.42182049248368E-02
15.71         0.427818220965564
15.72         0.470483818687499
15.73         0.648919680789113
15.74         0.699412799924612
15.75         0.592050757706165
15.76         0.904932051301003
15.77         0.839649350345135
15.78         0.760868205875158
15.79         0.548271265402436
15.8          0.513602831438184
15.81         0.356675001941621
15.82         0.395259425863624
15.83         0.141476288046688
15.84         0.354680407047272
15.85         0.210307828634977
15.86         0.336272933632135
15.87         0.431985458470881
15.88         0.632497190907598
15.89         0.661769156455994
15.9          0.872784717455506
15.91         1.02416642636061
15.92         0.772852951437235
15.93         0.618866234868765
15.94         0.357631642967463
15.95         0.179769703354687
15.96         -4.55021596932784E-02
15.97         -0.283665388226509
15.98         -0.112627688320354
15.99         -0.157478107307106
16            -0.313282193318009
16.01         -0.442640766464174
16.02         -0.664631733968854
16.03         -0.901699491217733
16.04         -0.854488048776984
16.05         -1.01416615270078
16.06         -0.468990147449076
16.07         -0.408727171495557
16.08         -0.345287695638835
16.09         -0.51016675170511
16.1          -0.556633697412908
16.11         -0.539081196561456
16.12         -0.863607293218374
16.13         -0.585790692083538
16.14         -0.834624911025167
16.15         -0.617013763859868
16.16         -0.57696263898164
16.17         -0.430039797462523
16.18         -0.631737125962973
16.19         -0.491211430728436
16.2          -0.38773153770715
16.21         -0.100716791264713
16.22         -4.26283125858754E-02
16.23         -2.83422686807171E-04
16.24         7.59487851848826E-02
16.25         0.254518571365625
16.26         0.196297351755202
16.27         0.176430267132819
16.28         0.271529875863343
16.29         0.268695931434631
16.3          8.75977955013514E-02
16.31         0.296603083759546
16.32         0.345504408068955
16.33         0.50242949668318
16.34         0.405720387026668
16.35         0.2922882771492
16.36         0.241507255733013
16.37         0.201008307226002
16.38         0.106947209676728
16.39         2.79498301469721E-02
16.4          0.237388824205846
16.41         0.114459913345054
16.42         0.463246500603855
16.43         0.621808188334107
16.44         0.488882777094841
16.45         0.564099897444248
16.46         0.368501251414418
16.47         0.436894196011126
16.48         0.639355390146375
16.49         0.634393589124084
16.5          0.709360814094544
16.51         0.595124967880547
16.52         0.393889350146055
16.53         0.168287946246564
16.54         7.78431597165763E-02
16.55         -0.252819059863687
16.56         -0.334350588396192
16.57         -0.334370359294117
16.58         -0.3770283921808
16.59         -0.275622780639678
16.6          -0.274224930647761
16.61         -0.229234333802015
16.62         -0.130621160594746
16.63         -7.91508620884269E-02
16.64         -0.111986349262297
16.65         -8.06815809197724E-02
16.66         -4.75886015547439E-02
16.67         -0.212451399620622
16.68         -0.146439596554264
16.69         -0.334277169294655
16.7          -0.41879680775106
16.71         -0.492278474494815
16.72         -0.613373433575034
16.73         -0.593481388650835
16.74         -0.338507666364312
16.75         -0.417095925807953
16.76         -0.248658510111272
16.77         -0.263925115093589
16.78         -0.294299737606198
16.79         -0.331838441826403
16.8          -0.231562000717968
16.81         -0.183882433846593
16.82         -0.164564731679857
16.83         -0.13367909906432
16.84         2.26722200936638E-02
16.85         -7.34401834895834E-02
16.86         -1.83884402713738E-02
16.87         5.15267789550126E-02
16.88         0.133807381493971
16.89         9.23066679015756E-02
16.9          7.59050315665081E-02
16.91         0.209092576224357
16.92         0.325551223196089
16.93         0.568639273680747
16.94         0.46297182764858
16.95         0.430791493579745
16.96         0.311383419670165
16.97         0.196616171188653
16.98         0.119230336826295
16.99         0.285736234467477
17            0.251473743449897
17.01         0.375574408918619
17.02         0.523006725646555
17.03         0.528060291409493
17.04         0.524819435589016
17.05         0.612793133966625
17.06         0.57300476834178
17.07         0.603680065646768
17.08         0.517945631593466
17.09         0.52371800288558
17.1          0.314581115730107
17.11         0.259376584310085
17.12         0.269774377271533
17.13         0.285752734579146
17.14         0.229811289533973
17.15         0.074296686379239
17.16         3.79227657895535E-02
17.17         -4.75544090475887E-02
17.18         -2.01869547273964E-02
17.19         2.84096200112253E-02
17.2          -2.46615821868181E-02
17.21         0.125408797245473
17.22         0.255996308941394
17.23         0.184033931549639
17.24         0.131858422290534
17.25         -7.05447930470109E-02
17.26         -0.166829906478524
17.27         -0.264885867442936
17.28         -0.328067901358008
17.29         -0.289091293718666
17.3          -0.217946357075125
17.31         -0.187382924314588
17.32         -0.25857109380886
17.33         -0.262338308673352
17.34         -0.490297839827836
17.35         -0.257015222813934
17.36         -0.461025581918657
17.37         -0.462169151119888
17.38         -0.463407810665667
17.39         -0.600290471278131
17.4          -0.513217499926686
17.41         -0.626127307265997
17.42         -0.633374931067228
17.43         -0.629067214205861
17.44         -0.563035850375891
17.45         -0.504818340092897
17.46         -0.393924469985068
17.47         -0.449199149720371
17.48         -0.356978508979082
17.49         -0.263735921122134
17.5          -0.177859052550048
17.51         -6.71853301115334E-02
17.52         4.57257745787501E-03
17.53         0.080052000246942
17.54         -1.25828003778588E-02
17.55         -4.20046019693837E-02
17.56         -4.29472142457962E-02
17.57         5.61477512586862E-02
17.58         -7.54312974633649E-02
17.59         -0.2233273669146
17.6          -0.233337178844959
17.61         -0.157742054276168
17.62         -6.36329981382005E-03
17.63         0.081608519917354
17.64         0.247514246553183
17.65         0.331908242963255
17.66         0.262358298841864
17.67         0.289313268642873
17.68         0.295808776058257
17.69         0.169761225320399
17.7          5.69596188794822E-02
17.71         7.90934497397393E-02
17.72         9.41129002254456E-02
17.73         6.42518825177103E-02
17.74         0.158193678595126
17.75         8.69898312538862E-02
17.76         2.32270020875149E-02
17.77         8.14718321152031E-02
17.78         3.71117112971842E-02
17.79         6.08811454195529E-02
17.8          -1.03138134686742E-02
17.81         -5.10651960968971E-02
17.82         2.00052593532018E-02
17.83         0.117048430033028
17.84         0.193874996490777
17.85         0.264350755847991
17.86         0.120074830083177
17.87         -1.28440521459561E-02
17.88         -1.97967056161724E-02
17.89         -7.43406547000632E-02
17.9          -0.118903057202697
17.91         -0.061987429484725
17.92         4.01241556880996E-02
17.93         8.09246606379747E-02
17.94         0.10601246830076
17.95         -1.69318645913154E-02
17.96         8.50807792972773E-02
17.97         -1.8920217982668E-03
17.98         -8.13704582978971E-03
17.99         -6.28129832446575E-02
18            9.67213979456574E-02
18.01         0.123228672025725
18.02         0.167291196975857
18.03         0.165958653073758
18.04         0.190695298891515
18.05         0.335148075520992
18.06         0.372589003331959
18.07         0.367612730450928
18.08         0.327105851657689
18.09         0.294427480995655
18.1          7.23651317786425E-02
18.11         6.51456933841109E-02
18.12         -6.48935687541962E-02
18.13         -0.125727004548535
18.14         -0.176806151736528
18.15         -7.56507279351354E-02
18.16         -0.126224803598598
18.17         -0.145095595763996
18.18         -0.177186586204916
18.19         -0.161695649139583
18.2          -0.067915679323487
18.21         -7.47696347627789E-02
18.22         -8.87867034645751E-03
18.23         -9.77963263168931E-02
18.24         -0.167337444797158
18.25         -0.147716016322374
18.26         -0.173197487778962
18.27         -0.139750016396865
18.28         -0.133976165028289
18.29         -0.101076440708712
18.3          -8.27648342214525E-02
18.31         -0.067632861379534
18.32         -5.67860844824463E-02
18.33         5.21926763188094E-02
18.34         0.155171325914562
18.35         0.265815593004227
18.36         0.407342514283955
18.37         0.386565675996244
18.38         0.404758154600859
18.39         0.335491928346455
18.4          0.212206748463213
18.41         0.134330771248788
18.42         3.70636065280996E-02
18.43         1.67896790360101E-02
18.44         -9.86278529162519E-03
18.45         -7.12171223480254E-02
18.46         -0.107387066474184
18.47         -0.159102025274187
18.48         -0.099482498858124
18.49         -9.50943645089865E-02
18.5          -6.28482538321987E-02
18.51         -6.04838910698891E-02
18.52         -5.47932848660275E-02
18.53         -0.111147849401459
18.54         -0.112854843512177
18.55         -7.62329964106903E-02
18.56         -3.34999706991948E-02
18.57         2.13190601882525E-02
18.58         3.58441103179939E-02
18.59         1.80791259894613E-02
18.6          -0.053601722815074
18.61         -9.44270418863744E-02
18.62         -0.108539516134188
18.63         -9.36297648958862E-02
18.64         -9.86468038335443E-02
18.65         -3.27626802027225E-02
18.66         -6.24053912004456E-02
18.67         -2.36640106514096E-02
18.68         3.75193581590429E-02
18.69         0.122906033629552
18.7          0.134360281415284
18.71         0.143437133543193
18.72         0.165835678819567
18.73         0.161789405588061
18.74         0.112653744975105
18.75         7.11055227555335E-02
18.76         0.056525910794735
18.77         -1.53761157940608E-02
18.78         5.42800363758579E-02
18.79         -0.039012983716093
18.8          -1.73478642920963E-02
18.81         -7.29151080921292E-02
18.82         -7.77537155896425E-02
18.83         -0.110846443707123
18.84         -6.67924291966483E-02
18.85         -8.15833312086761E-02
18.86         -5.77800974389538E-02
18.87         -6.19812076818198E-02
18.88         0.026440040236339
18.89         0.05969487327151
18.9          1.54598269087728E-02
18.91         0.0464801613288
18.92         4.38733857963234E-02
18.93         3.05273262038827E-02
18.94         0.0168789153127
18.95         4.89150424255058E-02
18.96         -0.042074284334667
18.97         -8.62439092621207E-02
18.98         -7.40987261524424E-02
18.99         -7.03663010790478E-03
19            -2.74207050958648E-02
19.01         -2.10650597669883E-03
19.02         -3.14449439174496E-02
19.03         -1.75643962807953E-02
19.04         -4.10327901598066E-02
19.05         3.93010093364865E-02
19.06         3.08615562482737E-02
19.07         3.05977349029854E-02
19.08         -3.01606897939928E-02
19.09         -1.36935977626126E-02
19.1          -5.55778818496037E-03
19.11         -2.73942852742039E-02
19.12         -8.99228859879077E-02
19.13         -0.077142325239256
19.14         -0.1507314437069
19.15         -0.194849562887102
19.16         -0.175550937261432
19.17         -0.176547375898808
19.18         -0.180868925079703
19.19         -0.124390669092536
19.2          -7.47617867030203E-02
19.21         -2.08857426792383E-02
19.22         -5.27041706442833E-02
19.23         -5.63977745454758E-02
19.24         -5.13844038220122E-02
19.25         -4.31289621535689E-02
19.26         -1.07856967624684E-03
19.27         2.37898765364662E-02
19.28         3.54688903782517E-02
19.29         3.35364495590329E-02
19.3          4.53396870405413E-03
19.31         6.82130513526499E-02
19.32         5.02514007221907E-02
19.33         2.80371203972027E-02
19.34         0.023415887709707
19.35         2.04885111702606E-02
19.36         3.29152674064972E-02
19.37         6.76145659899339E-02
19.38         7.43756146542728E-02
19.39         0.097215332351625
19.4          7.20012065581977E-02
19.41         2.88101314427331E-02
19.42         -2.98615019302815E-02
19.43         -3.68573368596844E-02
19.44         -6.56411992292851E-02
19.45         -6.19583624275401E-02
19.46         -4.90359838586301E-02
19.47         -8.28861822187901E-02
19.48         -6.58846032852307E-02
19.49         -9.84890477824956E-02
19.5          -8.60249949898571E-02
19.51         -4.89756753109396E-02
19.52         -4.59135889727622E-02
19.53         -4.83320430479944E-02
19.54         -2.02670798543841E-02
19.55         -9.96078097145073E-03
19.56         -1.09883457538672E-02
19.57         3.86007595807314E-02
19.58         2.36401946679689E-02
19.59         4.65627075685188E-02
19.6          2.20356159098446E-02
19.61         0.011773685059743
19.62         1.27767623425461E-02
19.63         2.35505815199576E-02
19.64         -3.40128137671854E-03
19.65         8.52956245013047E-03
19.66         -1.03100721642841E-02
19.67         -9.41179822781123E-03
19.68         -1.61176877771504E-02
19.69         -1.2885587362689E-04
19.7          1.17131835082546E-02
19.71         3.50143835647032E-02
19.72         0.016901717169676
19.73         3.17008167039603E-03
19.74         0.012528458959423
19.75         1.90091347752605E-02
19.76         1.04593577468768E-02
19.77         3.53658674634062E-03
19.78         -4.59887308330508E-03
19.79         -9.43263635679614E-03
19.8          2.5682555718231E-03
19.81         1.34389732195996E-02
19.82         1.53989153669681E-02
19.83         1.87942176230717E-02
19.84         1.76592742069624E-02
19.85         1.46302314894274E-02
19.86         1.47252441756427E-02
19.87         0.016704268574249
19.88         2.56173484143801E-02
19.89         2.35361279337667E-02
19.9          2.25645719398744E-02
19.91         2.40540039469488E-02
19.92         2.66781749459915E-02
19.93         2.73226751550101E-02
19.94         1.98344795429148E-02
19.95         1.24401945539284E-02
19.96         1.11264485365245E-02
19.97         1.03604450135026E-02
19.98         9.17581168469042E-03
19.99         7.45090019772761E-03
20            7.22118285193574E-03
