Horizontal-Spectrum-NTC - Comune Mercato San Severino (SA) - SLV q=1 VR=50 Suolo=C Topo=T1 h/H=1 (1)
Time (s)      Acc. (m/s^2)
0             -2.81712397641968E-03
0.01          -6.30057415051851E-03
0.02          -3.24508306046482E-03
0.03          -3.35406111320481E-03
0.04          5.40382254577708E-03
0.05          0.01021406019805
0.06          1.54286333837081E-02
0.07          4.02795408759266E-02
0.08          5.61216626269743E-02
0.09          0.058474952224642
9.999999E-02  5.47046675719321E-02
0.11          4.23992844577879E-02
0.12          3.00382797047496E-02
0.13          5.26121044065803E-02
0.14          4.33527460601181E-02
0.15          -9.13714640017133E-03
0.16          -3.76717740576714E-02
0.17          -3.47754311584868E-02
0.18          -2.66782434680499E-02
0.19          -0.070954687432386
0.2           -2.96794205484912E-02
0.21          -1.32587110984605E-02
0.22          -1.41684076620732E-02
0.23          1.82630174956284E-02
0.24          3.90090688224882E-02
0.25          -5.05621985066682E-03
0.26          -3.19486084557138E-02
0.27          -6.50431204307824E-02
0.28          -4.35634468216449E-02
0.29          0.013999300932046
0.3           1.72416768001858E-02
0.31          0.030649587828666
0.32          1.67737225326709E-02
0.33          2.61128199985251E-02
0.34          -5.09521975123789E-03
0.35          -6.79264692636207E-02
0.36          8.99915153975599E-03
0.37          -3.66196977929212E-02
0.38          7.37564356299117E-03
0.39          -1.71463865996338E-02
0.4           2.30525586311705E-02
0.41          3.51700291363522E-02
0.42          5.88923474913463E-02
0.43          0.149924043724313
0.44          0.160082219615579
0.45          0.267369198203087
0.46          0.43272341363132
0.47          0.43740728918463
0.48          0.485283158048987
0.49          0.45855396386236
0.5           0.351017016805708
0.51          0.233819921314716
0.52          0.20129588060081
0.53          0.190144089180976
0.54          5.14598283357918E-02
0.55          0.108793504564092
0.56          -4.96858927421272E-02
0.57          -0.198610491994768
0.58          -0.26550916235894
0.59          -0.334753827005625
0.6           -0.387419588752091
0.61          -0.351064854338765
0.62          -0.31312402613461
0.63          -0.332103832326829
0.64          -0.317062747143209
0.65          -0.348408135361969
0.66          -0.463971445709467
0.67          -0.486689925044775
0.68          -0.414546137787402
0.69          -0.515785304680467
0.7           -0.484108415879309
0.71          -0.380028635077178
0.72          -0.28158783596009
0.73          -7.89882181305438E-02
0.74          -0.127285470245406
0.75          -0.145790975885466
0.76          -0.233003065288067
0.77          -0.422666714340448
0.78          -0.421596491150558
0.79          -0.327526705004275
0.8           -0.185344877298921
0.81          -8.66140197403729E-02
0.82          -6.45266651082784E-02
0.83          0.176661597602069
0.84          8.81335192266852E-02
0.85          -6.09275659735431E-04
0.86          0.19217310955748
0.87          0.220504148472101
0.88          0.252651829496026
0.89          0.218684293963015
0.9           0.265960329864174
0.91          0.539738204330206
0.92          0.514919332042337
0.93          0.292450318112969
0.94          0.415816591568291
0.95          0.18489634104073
0.96          0.13952447832562
0.97          -0.223300688993186
0.98          -0.276513165403158
0.9899999     -0.495068436898291
1             -0.38893299434334
1.01          -0.483171874657273
1.02          -0.322669057510793
1.03          -0.317289217114449
1.04          -0.318084072992206
1.05          -0.681707065477967
1.06          -0.749981201961637
1.07          -0.865279962345958
1.08          -1.03413088582456
1.09          -1.07072115339339
1.1           -0.630128922387958
1.11          -0.323631984293461
1.12          -5.52400349825621E-02
1.13          0.292310843747109
1.14          0.25502760803327
1.15          7.6252934045624E-03
1.16          0.212127500418574
1.17          0.335028865411878
1.18          0.312281478904188
1.19          0.558756273239851
1.2           0.519197228103876
1.21          0.315207498706877
1.22          0.302355245612562
1.23          0.132684624725953
1.24          -0.591845483891666
1.25          -0.679565742015839
1.26          -0.443911768421531
1.27          -0.55902835149318
1.28          -0.342617052979767
1.29          -0.24425615971908
1.3           -3.17551067308523E-02
1.31          -0.348207977861166
1.32          -0.639558507800102
1.33          -0.629524393379688
1.34          -0.285710890442133
1.35          -0.201957620959729
1.36          -0.263284040987492
1.37          -0.42654531866312
1.38          -0.205126263666898
1.39          0.387901691682637
1.4           0.613154236078262
1.41          0.805861580148339
1.42          0.649835793301463
1.43          0.42134425688535
1.44          0.615533614307642
1.45          0.679579775333405
1.46          0.472850990854204
1.47          0.338057065308094
1.48          -5.82662751479074E-02
1.49          -0.118621422406286
1.5           -0.165397448278964
1.51          -9.75386742409319E-02
1.52          -4.98255818104371E-02
1.53          -0.111987308571115
1.54          1.79339837073348E-02
1.55          0.199186369646341
1.56          -0.151705818241462
1.57          -0.109083553869277
1.58          8.40896671079099E-02
1.59          -0.154001736603677
1.6           -0.171918957531452
1.61          -8.92441247496754E-02
1.62          0.409780035763979
1.63          0.239725024402142
1.64          -3.53241261094809E-02
1.65          0.518825418278575
1.66          0.460705593042076
1.67          0.564183731898665
1.68          0.525416801758111
1.69          0.474322881214321
1.7           0.383255494125187
1.71          -0.112453285977244
1.72          -0.41573283020407
1.73          -0.395146099515259
1.74          -0.689243980273604
1.75          -0.611218698062003
1.76          -1.08604582853615
1.77          -0.865951588153839
1.78          -1.07099334128201
1.79          -1.62497660547495
1.8           -1.49190567165613
1.81          -1.1367249622196
1.82          -0.781865338012576
1.83          -0.572866700962186
1.84          -0.466698769815266
1.85          -0.245775284618139
1.86          -0.345293689034879
1.87          -0.433683124445379
1.88          -0.871323790624738
1.89          -0.575150404125452
1.9           -0.446534646637738
1.91          -0.416178863123059
1.92          -0.75163822978735
1.93          -0.589352633133531
1.94          -0.774008507430553
1.95          -0.491704058647156
1.96          0.131606334205717
1.97          0.463537691943347
1.98          0.834896148741245
1.99          1.10832934811711
2             1.84274562746286
2.01          2.01328288793564
2.02          1.93345611512661
2.03          1.99478434413672
2.04          1.96367437943816
2.05          1.93539095878601
2.06          1.73964927524328
2.07          1.98315320894122
2.08          1.96655676439404
2.09          1.93631043344736
2.1           1.50011925548315
2.11          0.853086325004697
2.12          0.249827679153532
2.13          7.51244465494528E-02
2.14          -0.435029994025826
2.15          -0.565669107399881
2.16          -0.776363400444388
2.17          -0.429170718491077
2.18          -0.460052093602717
2.19          -0.91804976798594
2.2           -1.0551630281657
2.21          -0.938110029995441
2.22          -0.780190768539906
2.23          -1.22909500845708E-02
2.24          0.110502572609112
2.25          0.507854141369462
2.26          0.447529184930027
2.27          0.757215084806085
2.28          0.484758882075548
2.29          0.428950497731566
2.3           0.300175915248692
2.31          -6.59011308057234E-02
2.32          -1.86685207590926E-02
2.33          8.71195480786264E-02
2.34          0.496123384237289
2.35          0.575200215093791
2.36          0.796706594601274
2.37          0.618772971779108
2.38          0.459905291944742
2.39          0.999150941446424
2.4           0.911836735904217
2.41          0.950498087257147
2.42          0.999838939458132
2.43          0.542104974500835
2.44          0.605647872984409
2.45          0.472389133907855
2.46          0.291271300166845
2.47          0.297853291556239
2.48          0.465883339047432
2.49          0.565411135554314
2.5           0.425877164639533
2.51          0.12442542348057
2.52          0.145082439528778
2.53          0.568917272239924
2.54          0.52670761115849
2.55          0.636481702923775
2.56          0.593896102420986
2.57          -0.360791770666838
2.58          -0.633978436812758
2.59          -1.32161121681333
2.6           -1.25668665781617
2.61          -0.639311536028981
2.62          -0.313680571429431
2.63          7.72806210257113E-02
2.64          0.137678987430409
2.65          0.379266158156097
2.66          0.184866465423256
2.67          0.116756416428834
2.68          -0.556705947071314
2.69          -0.880770625323057
2.7           -0.826371931582689
2.71          -0.495228248611093
2.72          -0.30959249060601
2.73          -0.345820559710264
2.74          -0.424130820594728
2.75          -8.33377151750028E-02
2.76          -0.244692873638123
2.77          -0.63693756647408
2.78          -0.888940866664052
2.79          -0.287070331536233
2.8           -0.483715007901192
2.81          -0.727436092570424
2.82          -1.19102820016444
2.83          -1.12691910848022
2.84          -1.20987253367901
2.85          -1.1216598303616
2.86          -0.832768273875117
2.87          -0.723820393681526
2.88          -0.673812447264791
2.89          -0.374378872588277
2.9           0.139137648465112
2.91          0.460575200133026
2.92          0.626267713531852
2.93          0.297166060991585
2.94          0.313151727318764
2.95          0.342539540827274
2.96          -1.11084432236385E-02
2.97          -0.180342858396471
2.98          0.289331596009433
2.99          0.114996340563521
3             -0.124165131021291
3.01          -0.272187358718365
3.02          -0.477951480522752
3.03          -0.495397635139525
3.04          -0.340140574425459
3.05          -0.383740447573364
3.06          9.03469550175942E-04
3.07          4.17359772277996E-02
3.08          -0.107228725701571
3.09          0.249276323262602
3.1           0.259528831187636
3.11          0.475404067933559
3.12          0.570094755291939
3.13          0.9280410515517
3.14          0.90022365398705
3.15          1.099999550879
3.16          1.53697308629751
3.17          1.45867126733065
3.18          1.04134503431618
3.19          0.763784285411239
3.2           0.667167963758111
3.21          0.711749401688576
3.22          0.332463655360043
3.23          8.87680791690946E-02
3.24          0.104136882517487
3.25          0.112082956228405
3.26          -0.106514104586095
3.27          0.30197402542457
3.28          0.393136703856289
3.29          0.417692780345678
3.3           0.687669909819961
3.31          0.623875763788819
3.32          0.335512247420847
3.33          0.485906288512051
3.34          4.46318701654673E-02
3.35          -0.185793176013976
3.36          -0.359698304794729
3.37          4.75272788805887E-02
3.38          0.103862794283777
3.39          -0.112594167329371
3.4           -0.126048793271184
3.41          -0.205396039579064
3.42          -0.496683182045817
3.43          -0.442427452728152
3.44          -0.501679189279675
3.45          -0.602138447239995
3.46          -0.558558966256678
3.47          -0.732253175005317
3.48          -0.727521169558167
3.49          -0.596169536411762
3.5           -0.546455229856074
3.51          -0.610916177742183
3.52          -0.541498910598457
3.53          9.86738563422114E-02
3.54          -0.301826693862677
3.55          -0.511141774915159
3.56          -0.624800135493279
3.57          -0.774776319935918
3.58          -1.01392086200416
3.59          -0.964766682162881
3.6           -1.06390271522105
3.61          -0.446495104841888
3.62          -0.344804459810257
3.63          -0.431940106004477
3.64          -0.713543473631144
3.65          -1.10292096599936
3.66          -1.14899059340358
3.67          -1.38133920907974
3.68          -1.15195798225701
3.69          -1.34328114420176
3.7           -1.13519949674606
3.71          -0.691511238142848
3.72          -1.00329347446561
3.73          -1.23361602991819
3.74          -1.30091353520751
3.75          -1.37334445729852
3.76          -0.991420849263668
3.77          -0.505177943855524
3.78          -0.348584319278598
3.79          0.18335368109867
3.8           -0.058265886856243
3.81          0.5376570706442
3.82          1.04142470262945
3.83          1.15558135561645
3.84          1.01065899275243
3.85          0.804276107624173
3.86          1.37338100239635
3.87          1.01231901727617
3.88          0.895803012773395
3.89          0.740664833262563
3.9           0.654420814365149
3.91          0.390823545344174
3.92          -8.26136562880129E-02
3.93          -0.144077166114002
3.94          -0.395379001423717
3.95          -0.177514286097139
3.96          -0.31301566991955
3.97          0.106615791320801
3.98          0.182086333651096
3.99          -0.66849243119359
4             -0.565678060948849
4.01          -0.430927806794643
4.02          -0.118001060234383
4.03          0.171474057510495
4.04          0.22815914047882
4.05          0.258798148501664
4.06          0.491038535870612
4.07          -2.49305244139396E-02
4.08          0.211849136408418
4.09          -8.61591429077089E-02
4.1           -0.138392329467461
4.11          -0.327339849919081
4.12          -0.37698735203594
4.13          -0.38781043857336
4.14          -0.531781240180135
4.15          -1.27922694325447
4.16          -0.903969745784998
4.17          -0.539531249441206
4.18          -0.430815832614899
4.19          4.91935332014691E-03
4.2           -0.189431021232158
4.21          7.25823375675827E-02
4.22          0.419841887913644
4.23          0.489115277007222
4.24          0.213255026321858
4.25          0.575435602068901
4.26          0.486406810171902
4.27          0.5516418928653
4.28          0.742631178796291
4.29          1.04548383973539
4.3           1.10438832476735
4.31          1.1676136828959
4.32          1.46937912717462
4.33          1.50701297655702
4.34          1.17696067638695
4.35          1.28155311182141
4.36          1.57892934367061
4.37          0.88307676717639
4.38          0.500810512304306
4.39          0.914590043574572
4.4           1.35650462239981
4.41          0.964565537944436
4.42          0.582936337217689
4.43          0.853872410058975
4.44          0.89010972507298
4.45          0.979541719034314
4.46          1.03899730414152
4.47          0.786960894092917
4.48          0.938133418858051
4.49          1.28513920918107
4.5           0.703875102549791
4.51          0.96681328073144
4.52          0.254601693190634
4.53          0.089596830625087
4.54          0.075474603404291
4.55          -6.64828191278502E-02
4.56          -0.554524241276085
4.57          -0.834881384521723
4.58          -1.17874378480017
4.59          -0.735935824513435
4.6           -0.590542431883514
4.61          -0.437289065793157
4.62          -0.499240936897695
4.63          -0.941536863818765
4.64          -0.895536818280816
4.65          -1.19090738207102
4.66          -1.18268349252641
4.67          -0.807962923273444
4.68          -0.404144927859306
4.69          -0.120720746414736
4.7           -0.174130465853959
4.71          -0.099589539449662
4.72          -9.27174770564307E-03
4.73          0.335019217506051
4.74          0.221888056509197
4.75          0.182469289731234
4.76          0.158336167931557
4.77          0.756101628765464
4.78          0.374177838005126
4.79          0.493169517070055
4.8           0.387363382391632
4.81          0.305337014961988
4.82          0.181622046455741
4.83          0.425282758623362
4.84          0.620851583853364
4.85          0.758591592460871
4.86          0.380173061303794
4.87          0.894259347841144
4.88          0.555987068451941
4.89          0.46396198052913
4.9           0.864304792955518
4.91          0.784431680962443
4.92          0.352246905528009
4.93          -3.64740204677219E-03
4.94          6.45807061716914E-02
4.95          7.21827580360696E-02
4.96          0.414938997589052
4.97          0.561070820465684
4.98          0.867832637429237
4.99          0.457042385526001
5             0.59880922537297
5.01          0.570194779224694
5.02          0.524372196681798
5.03          0.829763024300337
5.04          0.635729531720281
5.05          0.467275670729578
5.06          0.183383976984769
5.07          -4.13890563271707E-03
5.08          0.400733077526093
5.09          0.478965022265911
5.1           0.316189904026687
5.11          -4.69540374724602E-04
5.12          -0.30330890821293
5.13          -0.497651809863746
5.14          -1.56685615897179
5.15          -1.43888721317053
5.16          -1.31857709661126
5.17          -0.862472421750426
5.18          -0.517035220116377
5.19          -0.275862388573587
5.2           -0.353282812871039
5.21          -0.385863352306187
5.22          -0.400213771685958
5.23          6.88389455387369E-02
5.24          0.033787891252432
5.25          -0.396777034141123
5.26          -0.392159159034491
5.27          0.106094667362049
5.28          7.22666473081336E-02
5.29          0.459849779941142
5.3           0.511593655049801
5.31          0.294459457956255
5.32          0.250872850678861
5.33          0.365326944217086
5.34          0.244224402029067
5.35          0.144000604134053
5.36          0.168101895153523
5.37          0.125723176449537
5.38          -0.438503349758685
5.39          -0.348410766609013
5.4           -3.57691283425083E-03
5.41          0.22495837463066
5.42          -4.34498343936866E-03
5.43          0.153896742537618
5.44          0.373211402893066
5.45          0.129299443177879
5.46          -0.295816377438605
5.47          -0.904930224046111
5.48          -1.08389069102705
5.49          -1.49862119883299
5.5           -1.35457065582275
5.51          -1.11121370650828
5.52          -0.67486838132143
5.53          -0.258349137157202
5.54          -0.231899092700332
5.55          -0.676176403462887
5.56          -0.607591195106506
5.57          -0.556550630405545
5.58          -0.696019806861877
5.59          -0.408703672997653
5.6           6.84238526131958E-02
5.61          -0.179584109075367
5.62          -0.197434434201568
5.63          -0.734829823672772
5.64          -0.759485558643937
5.65          -0.76007371544838
5.66          -0.436616709083319
5.67          -0.380740021951497
5.68          -0.299325145371258
5.69          -0.270719451773912
5.7           -6.07879828289151E-02
5.71          -0.532845652699471
5.72          -0.519689819477499
5.73          -0.518037396334112
5.74          -0.48264244582504
5.75          -0.775752220228314
5.76          -0.729909172430635
5.77          -0.576424183510244
5.78          -0.351047495417297
5.79          0.476526587158442
5.8           0.802522235289216
5.81          0.594139163866639
5.82          0.536948936283588
5.83          0.173714674003422
5.84          0.379682918451726
5.85          0.80444070674479
5.86          0.871467559039593
5.87          0.938771423175931
5.88          1.00824643157423
5.89          1.02134858004749
5.9           0.615542458221316
5.91          0.579391280002892
5.92          0.878661023005843
5.93          0.821746564731002
5.94          0.873605447262526
5.95          1.11459047354758
5.96          0.913607638254762
5.97          0.769705029800534
5.98          1.06884719386697
5.99          0.493926877677441
6             0.154493121989071
6.01          0.152515410929918
6.02          -0.103343022493646
6.03          -0.450788094028831
6.04          -8.49685584381223E-02
6.05          8.91053356043994E-02
6.06          1.48438775574323E-02
6.07          0.202089895941317
6.08          0.186390944179148
6.09          -0.246319642122835
6.1           -0.139154130304232
6.11          -0.465113443471491
6.12          -0.846543875411153
6.13          -0.816071841940284
6.14          -0.736305807083845
6.15          -0.70326304525137
6.16          -0.406115512624383
6.17          -0.215036161299795
6.18          -0.429248376823962
6.19          -0.075405629100278
6.2           -5.55398144200444E-02
6.21          -0.283573806211352
6.22          -0.451852250732481
6.23          -0.70696433275938
6.24          -0.670113206282258
6.25          -0.559196568578482
6.26          -0.844135699644685
6.27          -1.02084476932883
6.28          -0.996376510709524
6.29          -0.612150707691908
6.3           -0.654259211942554
6.31          -0.289179312586784
6.32          -0.155132624655962
6.33          -0.153524987529963
6.34          3.78633388923481E-02
6.35          -7.68142781686038E-02
6.36          0.3381680162251
6.37          0.259664998222142
6.38          0.417218059524894
6.39          0.51808453951031
6.4           0.769953828826547
6.41          1.18525385543704
6.42          1.24185300260782
6.43          1.36868203371763
6.44          1.4033485673368
6.45          0.931238893792033
6.46          0.720856732428074
6.47          0.513571037203074
6.48          0.408898092918098
6.49          0.394739316031337
6.5           0.475048447586596
6.51          0.814268560633063
6.52          0.97357938632369
6.53          0.627797052785754
6.54          0.664738153293729
6.55          -6.07297071022913E-02
6.56          -0.310617361329496
6.57          -0.693374453410506
6.58          -0.362791152969003
6.59          -0.250515786800534
6.6           -4.75525132706389E-02
6.61          7.5796343019465E-03
6.62          -0.353800291456282
6.63          -0.682507622390986
6.64          -0.571159460172057
6.65          -0.288186473641545
6.66          0.128021625559777
6.67          -1.94199507823214E-02
6.68          0.242786571700126
6.69          -0.139095895690843
6.7           -0.101658165575936
6.71          0.48812618393451
6.72          0.207228977233171
6.73          0.305596485156566
6.74          0.229448067806661
6.75          0.359158679880202
6.76          0.941480438187718
6.77          0.742789638340473
6.78          0.604511210806668
6.79          1.14355202503502
6.8           0.642674489021301
6.81          9.40462419670075E-02
6.82          -0.136668871790171
6.83          -0.444380203485489
6.84          -0.851030078530312
6.85          -1.07771683529019
6.86          -0.903889200389385
6.87          -0.599952575303614
6.88          -0.762948937565088
6.89          -0.695373250991106
6.9           -0.833673276677728
6.91          -0.94239114202559
6.92          -0.324045565165579
6.93          -0.60725413966924
6.94          -0.646685605868697
6.95          -0.723595568239689
6.96          -1.36191066563129
6.97          -0.818002446368337
6.98          -0.504995912723243
6.99          -0.300733227990568
7             -0.596970641501248
7.01          -9.82481790427119E-02
7.02          0.8837226652354
7.03          1.08742204383016
7.04          0.783117299973965
7.05          0.627473043948412
7.06          0.288212219662964
7.07          0.25332745699212
7.08          -0.167236781325191
7.09          0.282423677165061
7.1           0.180363451559097
7.11          -0.334679128825665
7.12          -0.426358792483807
7.13          -0.115200006393716
7.14          0.271287910770625
7.15          -9.13292509876192E-02
7.16          0.274669775851071
7.17          0.44962837189436
7.18          -0.296694775409997
7.19          -0.850139766857028
7.2           -0.696553876921535
7.21          -0.276533265206963
7.22          -0.583596597500145
7.23          -0.518911701254547
7.24          -0.779568917155266
7.25          -0.682004834935069
7.26          -0.415201647207141
7.27          -0.718343233689666
7.28          -0.242493699286133
7.29          -0.15834671119228
7.3           -0.339657046236098
7.31          -0.235267381276935
7.32          -0.356188586689532
7.33          -0.970031515136361
7.34          5.56339089106768E-02
7.35          -0.800410074815154
7.36          -0.668556458204985
7.37          -0.998038216307759
7.38          -0.589938926137984
7.39          -0.418245415315032
7.4           8.90441773831844E-02
7.41          0.363408765122294
7.42          0.505847888588905
7.43          5.86246637860313E-02
7.44          -7.90270198881626E-02
7.45          0.188641354758292
7.46          0.264179103523493
7.47          0.461766570322216
7.48          0.481015969701111
7.49          0.360083819031715
7.5           0.548961309939623
7.51          0.435272872745991
7.52          0.990984939336777
7.53          0.962480932474136
7.54          0.606336455717683
7.55          0.165688931979239
7.56          0.287961721289903
7.57          0.459566884338856
7.58          0.8109181060642
7.59          1.12765527293086
7.6           1.05367805466056
7.61          0.792986157462001
7.62          0.316669850796461
7.63          -0.176549075245857
7.64          -0.177123344913125
7.65          0.125252932403237
7.66          0.36679401062429
7.67          -6.67438836023212E-02
7.68          -0.156224409453571
7.69          0.33811904579401
7.7           0.175298337545246
7.71          0.341409602947533
7.72          0.105233628312126
7.73          -0.33832497742027
7.74          -0.162903848346323
7.75          -0.37346473351121
7.76          -7.04580532573164E-02
7.77          -0.326527233123779
7.78          -0.468260999657214
7.79          -0.553525390662253
7.8           -0.855956650078297
7.81          -1.14446557939053
7.82          -1.07074125319719
7.83          -1.40840904012322
7.84          -1.2340415610373
7.85          -0.769148155599833
7.86          -0.589082455225289
7.87          -0.517191596589982
7.88          -0.317372613027692
7.89          9.28737016394734E-02
7.9           0.064715589559637
7.91          -0.136451894408092
7.92          -0.200460806842893
7.93          -0.26197526967153
7.94          -0.400128913968802
7.95          -2.11390276160091E-02
7.96          0.369551776796579
7.97          0.146861710706726
7.98          0.053805009489879
7.99          -0.423124807141721
8             -0.991279054284096
8.01          -0.731915498301387
8.02          -0.501964862309396
8.03          -0.992491986081004
8.04          -1.16109973847866
8.05          -0.934909921959043
8.059999      -0.886406171768904
8.07          -0.595868843346834
8.08          -2.24006854486652E-02
8.09          0.343733103722334
8.099999      0.539093987345695
8.11          0.781328198164701
8.12          1.011117195189
8.13          0.951909166574478
8.139999      1.13536943145096
8.15          1.26700260803103
8.16          0.692807785123587
8.17          0.428277812115848
8.179999      0.597603931501508
8.19          0.771576942801476
8.2           0.749395384043455
8.21          1.15442653052509
8.22          1.18941232211888
8.23          1.59431482985616
8.24          1.58119689390063
8.25          1.93999476402998
8.26          1.58864873170853
8.27          1.24440370425582
8.28          0.644624535441399
8.29          0.249815710633993
8.3           0.976919169723988
8.309999      1.21251839876175
8.32          1.18817600145936
8.33          1.40361549273133
8.34          1.09015759058297
8.349999      0.693084723874927
8.36          0.301355792004615
8.37          0.544098326861858
8.38          0.439618486873806
8.389999      -0.297391379792243
8.4           -0.771527972370386
8.41          -0.542925813943148
8.42          -0.812829341590405
8.429999      -0.669631834253669
8.44          -0.407347447872162
8.45          -0.235997607149184
8.46          0.238412141762674
8.47          -0.153207867443562
8.48          -0.503172970153391
8.49          -0.684856595098972
8.5           -0.918106047436595
8.51          -0.613278562501073
8.52          -0.927169670239091
8.53          -1.03206879213452
8.54          -1.00255409404635
8.55          -1.07035767585039
8.559999      -0.843406405672431
8.57          -0.79487005725503
8.58          -0.871575001627207
8.59          -1.13964272283018
8.599999      -0.830677017197013
8.61          -1.06955536477268
8.62          -0.974564349800348
8.63          -0.993823981806636
8.639999      -0.447020440623164
8.65          0.090625840080902
8.66          0.413646434023976
8.67          0.565802789367735
8.679999      0.670656704977155
8.69          0.372862177938223
8.7           -8.22019392158836E-02
8.71          -0.376432524360716
8.72          -0.155494987573475
8.73          -0.386700088866055
8.74          -0.106888582203537
8.75          9.61034203413874E-03
8.76          0.113542229393497
8.77          8.12132755480707E-02
8.78          -0.558728206604719
8.79          -0.560872161313891
8.8           -0.531751309745014
8.809999      -0.345074710808694
8.82          -7.94133746623993E-02
8.83          3.24498770060018E-02
8.84          5.08659887686372E-02
8.849999      6.64036715822294E-02
8.86          -0.405996156334877
8.87          -0.121281348215416
8.88          0.176293752919883
8.889999      0.390416579134762
8.9           9.83606739901006E-02
8.91          6.83440152788535E-02
8.92          0.108603022377938
8.929999      0.306197816468775
8.94          0.214138942603022
8.95          0.144498092550784
8.96          0.121570566119626
8.97          -0.289825174100697
8.98          -0.426944025680423
8.99          -0.58531955268234
9             -0.290234077200294
9.01          -0.346108863987029
9.02          -0.602057792209089
9.03          -0.502417071349919
9.04          -0.555802332982421
9.05          -0.527509593330324
9.059999      -0.659235265552998
9.07          -0.381855999603868
9.08          -0.655773275345564
9.09          -0.793987346962094
9.099999      -0.699792357310653
9.11          -0.267961027789861
9.12          -4.91846036352217E-02
9.13          -5.75084622949362E-02
9.139999      -0.175470410138369
9.15          -1.35325526527595E-02
9.16          5.09583884803578E-02
9.17          -4.02253399277106E-02
9.179999      -0.135019609797746
9.19          -6.59114730684087E-02
9.2           -0.767829316109419
9.21          -0.834063212871552
9.22          -1.00203391112387
9.23          -1.18909657247365
9.24          -1.10977580308914
9.25          -1.16454849936068
9.26          -1.43562987551093
9.27          -0.779117365926504
9.28          -0.658669255077839
9.29          -0.839923146218062
9.3           -0.837456717565656
9.309999      0.102634842451662
9.32          1.01438264586031
9.33          1.25957854449749
9.34          1.46228850111365
9.349999      1.47860120952129
9.36          1.37067403391004
9.37          1.41493657931685
9.38          1.07902609996498
9.389999      1.00374677985907
9.4           0.8839700024575
9.41          0.663908214122057
9.42          0.703218167871237
9.429999      0.949109592810273
9.44          0.873780132830143
9.45          0.749096956774592
9.46          0.664313937798143
9.469999      0.273622557800263
9.48          -0.14905433434993
9.49          -0.415258255563676
9.5           -0.204070695061237
9.51          -0.336236169263721
9.52          -0.459336796402931
9.53          -0.344995188675821
9.54          8.69521681044716E-03
9.55          0.332156895808876
9.559999      0.250454994030297
9.57          -5.84742167545483E-02
9.58          0.15773226018995
9.59          0.602483506053686
9.599999      0.578180394731462
9.61          0.402059226036072
9.62          0.895060489475727
9.63          0.391968393623829
9.639999      7.83426307048649E-02
9.65          -0.107388939410448
9.66          -0.24671343382448
9.67          1.27780756819993E-02
9.679999      0.302475954070687
9.69          0.273885426688939
9.7           0.687205787077546
9.71          0.554974769242108
9.719999      0.165057962592691
9.73          -0.462321105636656
9.74          -0.692885845452547
9.75          -0.865775513872504
9.76          -0.866891820430756
9.77          -1.3419881786406
9.78          -1.73085447818041
9.79          -1.55808957472444
9.8           -1.09925410397351
9.809999      -0.904460107907653
9.82          -0.760381571352482
9.83          -0.452831440083683
9.84          -0.793515622839332
9.849999      -0.967917454317212
9.86          -0.379135801792145
9.87          -0.246489924006164
9.88          -0.243171482942998
9.889999      0.112344271950424
9.9           0.314440051652491
9.91          0.763313438370824
9.92          0.688687910065055
9.929999      0.703080758303404
9.94          0.990978945940733
9.95          0.886425906121731
9.96          1.01726912386715
9.969999      0.812507379278541
9.98          0.618959132507444
9.99          0.449881337061524
10            0.343603332079947
10.01         0.592311104983091
10.02         0.890239021629095
10.03         0.483879607021809
10.04         0.536992863491178
10.05         -1.06661230581813E-02
10.06         0.283603937644511
10.07         0.163681345302612
10.08         -6.84114318480715E-02
10.09         -0.481487547643483
10.1          -0.51471299842
10.11         -0.322399537414312
10.12         -3.88422541553155E-02
10.13         4.65491173602641E-02
10.14         0.3190263517946
10.15         6.31971087679267E-02
10.16         6.03017183253542E-02
10.17         -0.113908192003146
10.18         -0.141411849902943
10.19         -0.334207331612706
10.2          -0.25994080407545
10.21         9.41001037310343E-03
10.22         0.624372850209475
10.23         0.828426277711988
10.24         0.586148505136371
10.25         0.670314423590899
10.26         0.845156915858388
10.27         0.874062626436353
10.28         0.850704827159643
10.29         0.879829442873597
10.3          1.29694327577949
10.31         1.08543077453971
10.32         1.6103161740303
10.33         1.99192169353366
10.34         1.75242558762431
10.35         1.59848287135363
10.36         1.08195299685001
10.37         1.30194776147604
10.38         1.30361187905073
10.39         0.975124001428485
10.4          0.963099275529385
10.41         0.886878115162253
10.42         0.650196127966046
10.43         0.582109394744039
10.44         -0.118594698803499
10.45         -5.48358416324481E-02
10.46         -8.33864115178585E-03
10.47         -0.597456654757261
10.48         -0.560091082938015
10.49         -0.494423379376531
10.5          -0.516908262446523
10.51         -0.168111488241702
10.52         -9.01838453952223E-02
10.53         -0.713806744515896
10.54         -0.856664967164397
10.55         -0.894528904482722
10.56         -0.576183716766536
10.57         -0.847250657603145
10.58         -1.41061884909868
10.59         -1.29152890026569
10.6          -1.33455212831497
10.61         -1.54486711978912
10.62         -1.44437350943685
10.63         -1.62780461132526
10.64         -1.46949475586414
10.65         -1.32855390831828
10.66         -1.23676797151566
10.67         -0.803039275333285
10.68         -0.65234074048698
10.69         -0.184780584443361
10.7          -3.58242320688441E-02
10.71         -0.329319534413517
10.72         -0.209269655495882
10.73         -0.636957447007299
10.74         -0.560222389474511
10.75         -7.78565443586558E-02
10.76         0.55118712566793
10.77         0.513721566461027
10.78         0.647131017521024
10.79         0.679522180259228
10.8          0.455036132745445
10.81         0.163265699632466
10.82         0.346219010911882
10.83         0.530010995641351
10.84         0.592709410004318
10.85         0.392331505715847
10.86         0.507137820906937
10.87         0.250087112803012
10.88         1.09802531160414
10.89         1.51394148856401
10.9          0.718540796488524
10.91         0.429572531841695
10.92         0.162212159279734
10.93         0.372417241372168
10.94         0.212286910135299
10.95         1.67741119663697E-02
10.96         -9.95513224136084E-02
10.97         -0.557358825244009
10.98         -0.790604659616947
10.99         -0.545162447020412
11            -0.45749466765672
11.01         -0.726725948229432
11.02         -0.21867444505915
11.03         -0.333856096677482
11.04         -0.589341998510063
11.05         -0.978390840813518
11.06         -1.18875224456191
11.07         -1.03783918999136
11.08         -0.890252689495683
11.09         -0.484651074036956
11.1          -0.784810945987701
11.11         -0.100995146138594
11.12         -0.149548277892172
11.13         -0.261428427100182
11.14         -0.320467873178422
11.15         2.74049130454659E-02
11.16         -2.19598921830766E-02
11.17         0.133678359026089
11.18         0.259204274173826
11.19         0.769482616335154
11.2          0.845052616149187
11.21         0.980666650235653
11.22         0.982951669022441
11.23         -0.111080487649888
11.24         -0.584567929655314
11.25         -0.6310603107512
11.26         -0.635759644880891
11.27         -0.793511602878571
11.28         -0.585678644813597
11.29         -0.599320308566094
11.3          -0.157391714695841
11.31         -0.735329760611057
11.32         -0.654232753291726
11.33         -0.206387635990977
11.34         -4.80515320133418E-02
11.35         -0.514825191870332
11.36         -0.677751716449857
11.37         -0.670323632955551
11.38         -0.410154915377498
11.39         -0.179641430061311
11.4          0.514189124442637
11.41         0.603803149536252
11.42         0.946529947444797
11.43         0.707553951367736
11.44         0.651158068031073
11.45         0.467033413276076
11.46         0.50388216432184
11.47         0.353756510429084
11.48         0.403755722567439
11.49         0.13136425034143
11.5          0.44385961856693
11.51         0.501188607886434
11.52         0.687941586077213
11.53         1.06007403150201
11.54         0.706421784237027
11.55         0.902523436993361
11.56         0.419452170990407
11.57         9.05355462804437E-02
11.58         -9.56040224432945E-02
11.59         0.344348413534462
11.6          6.47711106995121E-02
11.61         -0.374099156409502
11.62         -0.614608877152205
11.63         -0.55048670232296
11.64         -0.917481857165694
11.65         -0.943678991273046
11.66         -0.931649953052402
11.67         -1.39397840425372
11.68         -1.71314910918474
11.69         -1.71127566128969
11.7          -1.52138864859939
11.71         -1.07142464652658
11.72         -0.707604091241956
11.73         -0.854228870943189
11.74         -0.697746416553855
11.75         -0.469369704835117
11.76         0.117048448305577
11.77         0.165191681105644
11.78         0.384941831119359
11.79         0.37072480134666
11.8          0.113561488660052
11.81         0.133689550962299
11.82         0.284670250508934
11.83         0.58856271084398
11.84         0.303653583303094
11.85         -0.476578700467944
11.86         -0.502432091385126
11.87         -0.355369062870741
11.88         -0.435493349321187
11.89         -0.49895701803267
11.9          -0.542820271700621
11.91         -0.065397064271383
11.92         -0.12210014113225
11.93         0.127316597532481
11.94         0.359071994908154
11.95         0.266743509583175
11.96         0.405358042381704
11.97         0.501093115545809
11.98         1.0490320763737
11.99         0.810784497186542
12            0.561772595979273
12.01         0.511112063750625
12.02         0.690611205473542
12.03         0.952149487137795
12.04         0.23907006315887
12.05         0.318712941035628
12.06         0.262086184043437
12.07         0.22215333737433
12.08         0.511406361423433
12.09         0.93221647515893
12.1          1.18125202104449
12.11         1.10247438490391
12.12         0.688486108034849
12.13         0.980630616769195
12.14         0.653740637004375
12.15         1.07422041960061
12.16         1.67515317097306
12.17         0.915571937263012
12.18         9.22779708635062E-02
12.19         0.589229001067579
12.2          -0.160424135550857
12.21         -0.836562093570828
12.22         -0.548709404580295
12.23         -1.0976256544143
12.24         -1.05018543966115
12.25         -0.689409091025591
12.26         -0.623719935491681
12.27         -0.636992457211018
12.28         -0.327620698995888
12.29         -0.051951414719224
12.3          0.271853409614414
12.31         0.261674521788955
12.32         9.61218847520649E-02
12.33         -8.56836477876641E-03
12.34         0.567115708552301
12.35         0.931947137787938
12.36         1.09841656342149
12.37         1.43830614611506
12.38         1.23335860624909
12.39         0.454673751555383
12.4          0.173616331145167
12.41         0.210115857236087
12.42         -0.661901888251305
12.43         -0.739592600092292
12.44         -0.813916996791959
12.45         -0.825863443091512
12.46         -0.657282734066248
12.47         -0.580081945806742
12.48         -0.320591834150255
12.49         -0.440702487565577
12.5          -0.200849555321038
12.51         -0.474124258607626
12.52         -0.281689833328128
12.53         0.24156349863857
12.54         0.393883429840207
12.55         0.115883271815255
12.56         0.233506729826331
12.57         0.234644342176616
12.58         0.102747821621597
12.59         -0.271756510287523
12.6          0.120537481885403
12.61         -0.367460849024355
12.62         -0.253524215798825
12.63         -0.36501006167382
12.64         0.171733454614878
12.65         0.541229134686291
12.66         0.596881983093917
12.67         0.264768046047539
12.68         0.301318497732282
12.69         0.205252892430872
12.7          0.413820132873952
12.71         0.327250497154892
12.72         0.197893166542053
12.73         8.93247523717582E-02
12.74         0.390784186273813
12.75         0.551546035073698
12.76         0.585049082413316
12.77         0.594474428594112
12.78         0.20468777731061
12.79         -0.191574720125645
12.8          -0.403649741783738
12.81         -0.889563522040844
12.82         -0.806759493201971
12.83         -1.12643861353397
12.84         -0.840793869718909
12.85         -0.527186425030232
12.86         -0.408163390271366
12.87         -0.265246878191829
12.88         4.78939404152334E-02
12.89         -0.220582208801061
12.9          -0.512491933554411
12.91         -0.605936542712152
12.92         -0.731156602799892
12.93         -0.742316306233406
12.94         -0.779888248220086
12.95         -0.361551981791854
12.96         -0.241495287213475
12.97         9.93542529735714E-02
12.98         0.735226191803813
12.99         0.600716989114881
13            0.198084571491927
13.01         1.27305247995537E-02
13.02         0.277083049658686
13.03         0.440994336716831
13.04         0.535227735266089
13.05         0.52933363225311
13.06         0.492189669907093
13.07         0.715859775021672
13.08         0.625898388773203
13.09         0.612311323396862
13.1          0.634015785902739
13.11         7.61776488600299E-02
13.12         0.11299789016135
13.13         2.54997531417757E-02
13.14         0.25120062366128
13.15         -0.202708860263228
13.16         -0.157781504709274
13.17         -0.242780267670751
13.18         -0.781684951409698
13.19         -0.869988578930497
13.2          -0.630039386898279
13.21         -0.648110133782029
13.22         -0.617535700947046
13.23         -0.640285535976291
13.24         -0.281013164296746
13.25         5.03281956771389E-03
13.26         0.170818913541734
13.27         5.83642616914585E-02
13.28         -0.152562270881608
13.29         6.11537558608688E-03
13.3          0.048550057397224
13.31         -0.164235807526857
13.32         -8.95045359805226E-02
13.33         -0.199606364183128
13.34         -9.68184799980372E-02
13.35         -0.310696262195706
13.36         -0.238004079200327
13.37         -0.359431489035487
13.38         -0.185134340990335
13.39         -2.92144823935814E-02
13.4          0.288506133612245
13.41         0.390690375007689
13.42         0.10325023449026
13.43         -0.115480197658762
13.44         -2.88045743037947E-02
13.45         -4.93183723976836E-02
13.46         0.515828500986099
13.47         1.04333009094
13.48         1.03411056675017
13.49         1.66005010530353
13.5          1.70310549303889
13.51         1.56987756147981
13.52         1.75816843047738
13.53         1.91422257632017
13.54         1.88667210415006
13.55         1.89911351725459
13.56         1.48687852799892
13.57         1.43454550936818
13.58         1.44543477907777
13.59         1.07424453936517
13.6          0.85406682997942
13.61         1.04122392386198
13.62         0.799990610182285
13.63         0.899424120336771
13.64         0.544163596406579
13.65         0.717027317807078
13.66         0.636833339855075
13.67         -9.77226879447699E-02
13.68         -0.18638988437131
13.69         -0.400275934897363
13.7          -0.405204991512001
13.71         -0.264745625630021
13.72         -0.745674946904182
13.73         -0.577794259227812
13.74         -0.378362397886813
13.75         -0.124666356174275
13.76         -0.261783846449107
13.77         -0.451288688778877
13.78         -0.680543396472931
13.79         -0.708575898483396
13.8          -0.658861482292414
13.81         -0.680531044229865
13.82         -0.952866575047374
13.83         -0.75595077060163
13.84         -0.904175202324986
13.85         -0.894107904955745
13.86         -0.916272433698177
13.87         -0.832968906462193
13.88         -1.16013136647642
13.89         -0.937484012469649
13.9          -0.892022934034467
13.91         -1.13347127906978
13.92         -1.2044398856163
13.93         -0.688263621479273
13.94         -0.504802881516516
13.95         -0.49745051946491
13.96         -0.773544969409704
13.97         -0.74809978723526
13.98         -0.836010262593627
13.99         -0.821235298812389
14            -0.772421719282866
14.01         -1.04980193540454
14.02         -0.896713497340679
14.03         -0.499736561514437
14.04         -0.556577417962253
14.05         -0.356885830610991
14.06         -0.114595952471718
14.07         0.120032492587343
14.08         1.92009999649599E-02
14.09         -0.215030569899827
14.1          -0.384786331728101
14.11         -0.265789883527905
14.12         0.274282342996448
14.13         0.609801734983921
14.14         0.963674349188805
14.15         0.897123752608895
14.16         1.02266712717712
14.17         1.02036164313555
14.18         0.7009053748101
14.19         0.603189813159406
14.2          0.427295150980353
14.21         -7.96071915887296E-02
14.22         0.037548110014759
14.23         -0.289903654698283
14.24         -0.287363660763949
14.25         5.8098197390791E-03
14.26         -0.142958876984194
14.27         -0.285668297130615
14.28         -0.183561348617077
14.29         5.22394449077547E-02
14.3          -0.129020549263805
14.31         -9.41117947362363E-02
14.32         -0.243184693995863
14.33         2.04835181962699E-02
14.34         0.226865425743163
14.35         0.252831576559693
14.36         -3.67327409167774E-02
14.37         -0.120392443528399
14.38         -0.148726460868493
14.39         -0.322420258484781
14.4          -0.567743114791811
14.41         -0.436354973092675
14.42         -0.397595205791295
14.43         -0.473635029383004
14.44         -0.683653384298086
14.45         -4.07929675234482E-02
14.46         2.86380588496104E-02
14.47         -2.61668770504184E-02
14.48         0.16837163452059
14.49         0.153035328900442
14.5          0.36730312038213
14.51         0.616678718402982
14.52         0.732254052087665
14.53         0.454154445715249
14.54         0.181188018601388
14.55         0.203038204684854
14.56         0.172764227371663
14.57         0.392222564779222
14.58         0.133714072722942
14.59         0.577169155329466
14.6          0.626042522639036
14.61         0.947273055464029
14.62         0.739468566030264
14.63         0.762512369826436
14.64         0.837104422822595
14.65         0.786804115623236
14.66         0.746464321017265
14.67         0.964163103327155
14.68         1.42424125358462
14.69         1.40768223121762
14.7          1.48562225371599
14.71         1.57401958286762
14.72         1.63132580459118
14.73         1.27812576636672
14.74         0.760671520158649
14.75         0.428351377397776
14.76         5.38736000703648E-02
14.77         0.129672733079642
14.78         0.240509519744664
14.79         0.181322285290807
14.8          -1.94059951230884E-02
14.81         -2.30857096030377E-02
14.82         -0.254976974800229
14.83         -0.250664379168302
14.84         -0.236437025405467
14.85         -0.337970709241927
14.86         0.184696019086987
14.87         0.542128217183053
14.88         0.852111959606409
14.89         0.721317712292075
14.9          0.659415798336268
14.91         0.42274291086942
14.92         0.271729631368071
14.93         -0.102110630432144
14.94         4.65340242348611E-02
14.95         -9.03182970941998E-03
14.96         0.232089218571782
14.97         0.396203166469932
14.98         0.190653052758425
14.99         0.146892189318314
15            0.096497970353812
15.01         -0.100974023072049
15.02         -5.61566499900073E-02
15.03         -6.32424018485472E-02
15.04         -0.279987489581108
15.05         -0.389705119170249
15.06         -0.428559136278927
15.07         -0.300042836274952
15.08         -0.321901354640722
15.09         -0.240378414206207
15.1          -0.252179977465421
15.11         -0.392812548838556
15.12         -0.352068017274141
15.13         -0.399010670520365
15.14         -0.289493490792811
15.15         -0.283134588953108
15.16         -0.482448208630085
15.17         -0.561106378845871
15.18         -0.529531597048044
15.19         -0.163328191749752
15.2          -0.449420686103404
15.21         -0.369488188326359
15.22         -0.139272435922176
15.23         0.182199733089656
15.24         0.134304440505803
15.25         0.266894020568579
15.26         0.319176003970206
15.27         0.442573231123388
15.28         8.18233411386609E-02
15.29         -0.428035810478032
15.3          -0.615360390543938
15.31         -0.537603605166078
15.32         -0.521899043731392
15.33         -0.461097831577063
15.34         1.22415256948443E-03
15.35         -0.18799582215026
15.36         -0.309511579759419
15.37         -0.125465158922598
15.38         -0.362946615815163
15.39         -0.504669601544738
15.4          -0.592192735411227
15.41         -0.254693256933242
15.42         -0.158327561561018
15.43         -0.241054242700338
15.44         -0.236544358357787
15.45         -0.399251868166029
15.46         -0.37258849170059
15.47         -0.34569309040904
15.48         -0.568653964810073
15.49         -0.535839719474316
15.5          -0.578579759560525
15.51         -0.146395879480988
15.52         -7.61926780315116E-02
15.53         0.218574969302863
15.54         0.125046790642664
15.55         0.328925614804029
15.56         -0.122395736156031
15.57         -0.191132506169379
15.58         -0.301033628694713
15.59         -7.93154063913971E-02
15.6          -8.24992427229881E-02
15.61         8.42782124038786E-02
15.62         0.113074991181493
15.63         -0.242120519019663
15.64         -0.644181828126311
15.65         -0.699169190302491
15.66         -0.825388795360923
15.67         -0.80282248981297
15.68         -0.793978283777833
15.69         -0.707246022373438
15.7          -0.650722158104181
15.71         -0.768524476960301
15.72         -0.879965463727713
15.73         -0.917084465771914
15.74         -0.947379620969296
15.75         -0.983962798789144
15.76         -0.745006171613932
15.77         -0.313253066875041
15.78         -0.146451967069879
15.79         -5.57961645768955E-02
15.8          -4.49786146217957E-02
15.81         -0.377893816642463
15.82         -0.53101613201201
15.83         -0.496770086288452
15.84         -0.708319278806448
15.85         -0.932122188806534
15.86         -0.705877993181348
15.87         -0.599631599709392
15.88         -0.478333047889173
15.89         -0.484887740090489
15.9          -0.426944610401988
15.91         -0.372029826790094
15.92         -0.228068654816598
15.93         -0.154458130057901
15.94         -0.151459495145828
15.95         -3.45886760012945E-03
15.96         8.08819302823395E-02
15.97         0.244952380377799
15.98         0.384201500527561
15.99         0.293970740363002
16            0.185005172342062
16.01         2.24065052554943E-02
16.02         -0.037091463028919
16.03         -8.21930587571114E-02
16.04         -0.19188153449446
16.05         -0.125947380624712
16.06         -0.34535373263061
16.07         -0.112816361524165
16.08         -0.213344178088009
16.09         -0.339220697768033
16.1          -0.168672948852181
16.11         -6.97502934839577E-02
16.12         -5.52310311840847E-02
16.13         1.99697740632109E-02
16.14         0.287173279076815
16.15         0.512093409262598
16.16         0.286933561507612
16.17         0.214295903798193
16.18         0.282429506108165
16.19         0.15566786415875
16.2          0.191398189030588
16.21         0.085586371589452
16.22         0.132901318883523
16.23         0.374904683455825
16.24         0.656507612541318
16.25         0.491188443861902
16.26         0.449856486395001
16.27         0.412109018303454
16.28         0.528035002201796
16.29         0.39589680891484
16.3          0.669405547007918
16.31         0.807330254539847
16.32         0.982720119282603
16.33         0.87480178758502
16.34         0.79512813873589
16.35         0.547830275706947
16.36         0.329881159476936
16.37         3.95774958422408E-02
16.38         -0.186049448512495
16.39         -0.347312440238893
16.4          -0.631046569794416
16.41         -0.452373530007899
16.42         -0.40500512637198
16.43         -0.278653940688819
16.44         -0.466176759637892
16.45         -0.594786341004074
16.46         -0.479253399632871
16.47         -0.289681990407407
16.48         -0.177821283191442
16.49         8.84134181309492E-03
16.5          0.220110740493983
16.51         0.293472173865885
16.52         0.181437585074455
16.53         0.200934102404863
16.54         0.200648027379066
16.55         0.208615077976137
16.56         8.3474605117226E-03
16.57         -0.13852575561963
16.58         -0.13028299966827
16.59         -0.140983550492674
16.6          -6.96555183408782E-02
16.61         -5.73822046921123E-03
16.62         3.39149836823344E-02
16.63         0.012564446744509
16.64         0.227857442423701
16.65         0.405682380124927
16.66         0.281434584092349
16.67         0.235720778033137
16.68         7.27255349652842E-02
16.69         0.25190389752388
16.7          0.363199398256838
16.71         0.278738834951073
16.72         0.350145452767611
16.73         0.303352287244052
16.74         0.119943934679031
16.75         5.48304877756164E-02
16.76         -0.18566389773041
16.77         -0.253271963261068
16.78         -0.454110079966486
16.79         -0.607575115263462
16.8          -0.626047785133123
16.81         -0.387618869170547
16.82         -0.123632668945938
16.83         1.59995774470735E-02
16.84         0.176495317406952
16.85         0.260205043405294
16.86         0.313023527115583
16.87         0.317876752652228
16.88         0.332391478791833
16.89         0.423920101560652
16.9          0.467274172380567
16.91         0.456912906244397
16.92         0.313908028118312
16.93         0.182851368729025
16.94         0.154446746259928
16.95         -4.49125319486484E-02
16.96         -8.30299049522728E-02
16.97         -1.39183832332492E-02
16.98         -0.16489831533283
16.99         -4.84642951888964E-02
17            -0.101356129478663
17.01         -0.107601933376864
17.02         -0.145145132644102
17.03         -0.146732852691785
17.04         9.91516652237624E-02
17.05         0.19407583007589
17.06         0.242052289322019
17.07         0.173755038063973
17.08         0.153917335700244
17.09         0.227495353594422
17.1          2.00134751480073E-02
17.11         -0.264877535160631
17.12         -0.251238886378706
17.13         -0.142143409671262
17.14         -0.169926993884146
17.15         -9.23564057797194E-02
17.16         6.58032538974658E-02
17.17         4.45583825418726E-02
17.18         1.66293488396332E-02
17.19         -0.175365087166429
17.2          -6.8194574379595E-03
17.21         -4.52966391993687E-02
17.22         -0.113381166011095
17.23         -0.240708398167044
17.24         -0.33902339078486
17.25         -0.282820301111788
17.26         -0.266025928314775
17.27         -0.260617071110755
17.28         -8.54186387266964E-02
17.29         -0.141600349517539
17.3          -0.144866933086887
17.31         -0.255162715259939
17.32         -0.276138157881796
17.33         -0.404635253436863
17.34         -0.315748768150806
17.35         -2.07757008215412E-02
17.36         0.114075248781592
17.37         0.263967050593346
17.38         0.477081853374839
17.39         0.629096377193928
17.4          0.869579639285803
17.41         0.796037015318871
17.42         0.680052011087537
17.43         0.61746867723763
17.44         0.576777611151338
17.45         0.610914204306901
17.46         0.548193533979356
17.47         0.44690795481205
17.48         0.514542844444513
17.49         0.427459457740188
17.5          0.20149861453101
17.51         0.20123581873253
17.52         0.153482576943934
17.53         0.160612488985062
17.54         0.349991670995951
17.55         0.493704902753234
17.56         0.468253982998431
17.57         0.463620101138949
17.58         0.287606027852744
17.59         0.302482349462807
17.6          0.200955938100815
17.61         0.141003202619031
17.62         0.104340009307489
17.63         -3.90288991061971E-02
17.64         -0.175343854464591
17.65         -0.277924098540097
17.66         -0.561078239120543
17.67         -0.613277758508921
17.68         -0.657682683616877
17.69         -0.657491552755237
17.7          -0.560264927968383
17.71         -0.416996632777154
17.72         -0.174518647883087
17.73         -0.121342497300357
17.74         -0.163899482991546
17.75         -0.185606229566038
17.76         -0.197674937490374
17.77         -0.183077637702227
17.78         -7.11775394389406E-02
17.79         -1.04560024500825E-02
17.8          2.94155832147226E-02
17.81         0.113061350723729
17.82         -5.48693808959797E-02
17.83         -2.78909559943713E-02
17.84         6.77061480050907E-02
17.85         -0.049264340470545
17.86         -0.150462270788848
17.87         -0.276916842553765
17.88         -0.228200820162892
17.89         -0.168208332750946
17.9          -0.11450481813401
17.91         -8.03835465107113E-02
17.92         -2.13430908741429E-02
17.93         0.10818380442448
17.94         0.092589974636212
17.95         0.306673012375832
17.96         0.323753496743739
17.97         0.154053923003376
17.98         0.007315581694711
17.99         -1.19515180739108E-02
18            -6.17595753679052E-02
18.01         -0.126923600686714
18.02         -0.167630390301347
18.03         -2.11405899189413E-02
18.04         1.20676366961561E-02
18.05         -4.25258446997032E-02
18.06         -6.06889319093898E-02
18.07         8.50639685522765E-04
18.08         2.78958735940978E-02
18.09         0.132175250016153
18.1          4.55299248313531E-02
18.11         5.66326270485297E-02
18.12         2.62943874648772E-02
18.13         -0.055730456491001
18.14         -4.72486910317093E-02
18.15         -6.91267336159945E-02
18.16         -8.40288560651243E-02
18.17         -0.214821531940252
18.18         -0.147608528053388
18.19         -0.175146876387298
18.2          -0.333689487576485
18.21         -0.423333881646395
18.22         -0.313528799638152
18.23         -0.35176838401705
18.24         -0.446756475381553
18.25         -0.252733014430851
18.26         -0.211347427032888
18.27         -0.121402705349028
18.28         -1.88909502129536E-02
18.29         2.12573629268445E-02
18.3          -5.74106173636392E-02
18.31         -2.70320114353672E-02
18.32         -5.24666229402646E-02
18.33         -6.90751319378614E-02
18.34         4.73047877568752E-02
18.35         2.02034731116146E-02
18.36         -4.73063591960818E-02
18.37         -0.13015488169156
18.38         -0.187569742854685
18.39         -0.190246196184307
18.4          -0.121588537171483
18.41         -0.215792736187577
18.42         -0.186698745265603
18.43         -0.103887023683637
18.44         -7.00736856227741E-02
18.45         -1.47248821507674E-02
18.46         8.78171848598868E-02
18.47         0.237252730261534
18.48         0.193563961163163
18.49         0.267448574155569
18.5          0.268669125605375
18.51         0.137854065857828
18.52         0.188206961452961
18.53         0.197434306293726
18.54         0.159310240969062
18.55         0.131303914384916
18.56         8.22836905997247E-02
18.57         0.053872764101252
18.58         5.86436078511179E-02
18.59         4.98539864877239E-02
18.6          6.36759546166286E-02
18.61         6.25779251754284E-02
18.62         0.105440500974655
18.63         0.013188091123011
18.64         4.55410676600877E-03
18.65         0.131421909369528
18.66         0.103096653716639
18.67         0.128694868488237
18.68         0.130999886579812
18.69         0.149278173074126
18.7          4.81025215610862E-02
18.71         5.78304154705256E-02
18.72         3.13991574780084E-02
18.73         -5.36985901650041E-02
18.74         -0.137771455664188
18.75         -0.150900647509843
18.76         -0.18287618285045
18.77         -0.125902366200462
18.78         -0.139444426288828
18.79         -0.166846351772547
18.8          -0.120415293350816
18.81         -0.084808710180223
18.82         -6.36640363465995E-02
18.83         -3.59937556413934E-02
18.84         7.30863538524136E-02
18.85         4.13101720204577E-02
18.86         1.81907407139079E-03
18.87         5.11099135922268E-02
18.88         5.50169362965971E-02
18.89         0.162503935340792
18.9          0.183063330296427
18.91         0.192279821243137
18.92         0.190995315872133
18.93         8.94226018711925E-02
18.94         5.86218041321263E-02
18.95         2.96492845471948E-02
18.96         4.93062348570675E-02
18.97         9.31078826263547E-02
18.98         0.182723570521921
18.99         0.198669676780701
19            0.215168235283345
19.01         0.18985160049051
19.02         0.187104468941689
19.03         0.143335803123191
19.04         8.74020416848362E-02
19.05         0.109819718319923
19.06         8.14775240141898E-02
19.07         -2.67751056788256E-03
19.08         1.73927964898758E-02
19.09         1.81144434004091E-02
19.1          2.30335094989277E-02
19.11         -6.47460304840934E-03
19.12         2.28320794863976E-03
19.13         -1.74561873881612E-02
19.14         -3.67417287267745E-02
19.15         -2.66987863811664E-03
19.16         -5.80583289731294E-03
19.17         -2.30172360810684E-03
19.18         -0.010314693977125
19.19         -5.10319057968445E-03
19.2          -7.00052275182679E-02
19.21         -9.32927916850895E-02
19.22         -9.58256136439741E-02
19.23         -0.10138588632457
19.24         -0.128025490203872
19.25         -0.150912022171542
19.26         -0.151380521189421
19.27         -0.190759362448007
19.28         -0.219636238943785
19.29         -0.231361349858344
19.3          -0.212465853206813
19.31         -0.152840223759413
19.32         -0.111451986841857
19.33         -3.82226388738491E-02
19.34         3.81780972518027E-02
19.35         5.43290159432218E-02
19.36         5.18244981626049E-02
19.37         6.53564261225984E-02
19.38         0.09768794269301
19.39         0.094631301574409
19.4          9.68991167563945E-02
19.41         7.74624054785818E-02
19.42         1.11167298245709E-02
19.43         -3.52967151447956E-04
19.44         1.35299488145392E-02
19.45         1.86332227627281E-02
19.46         5.13729058206081E-03
19.47         5.73518379998859E-03
19.48         9.25399364030454E-03
19.49         1.16547718795482E-02
19.5          2.83680179854855E-02
19.51         6.13483562227339E-02
19.52         8.85984916426242E-02
19.53         0.122522264420986
19.54         0.110247880686074
19.55         0.12706651029177
19.56         0.123778365114704
19.57         0.123792215706781
19.58         0.120845063701272
19.59         0.127706990540028
19.6          0.106758755743504
19.61         7.29114581504837E-02
19.62         5.25746593857184E-02
19.63         2.76054679742083E-02
19.64         3.23576326109469E-02
19.65         2.87301936093718E-02
19.66         3.94790353544522E-03
19.67         -9.94025747291744E-03
19.68         -9.2897844244726E-03
19.69         -1.39821567130275E-02
19.7          6.06218362518121E-03
19.71         1.43909832963254E-02
19.72         2.22562706423923E-02
19.73         2.38898684922606E-02
19.74         1.26021395868156E-02
19.75         1.03875751805026E-02
19.76         1.28071861364879E-02
19.77         6.6971358563751E-03
19.78         1.12100328854285E-02
19.79         6.25734015775379E-03
19.8          -1.8139292068372E-03
19.81         -1.09639713156503E-02
19.82         -0.015173647957854
19.83         -1.80140049092006E-02
19.84         -1.90260345989373E-02
19.85         -0.034134206303861
19.86         -3.14530500769615E-02
19.87         -2.30882197944447E-02
19.88         -7.83651778881904E-03
19.89         -4.17796777415788E-03
19.9          -4.87975378018746E-04
19.91         5.80127696557611E-04
19.92         -2.01968210472842E-03
19.93         -6.65058539598249E-03
19.94         -9.46054082305636E-03
19.95         -3.65232364361873E-03
19.96         1.45005193398902E-04
19.97         7.01692216462106E-04
19.98         2.10503403723124E-03
19.99         2.98699986655265E-03
20            4.87231977924239E-03
