Horizontal-Spectrum-NTC - Comune Mercato San Severino (SA) - SLV q=1 VR=50 Suolo=C Topo=T1 h/H=1 (3)
Time (s)      Acc. (m/s^2)
0             2.32709681242704E-02
0.01          2.10308723989874E-02
0.02          1.94634508690797E-02
0.03          1.80281193112023E-02
0.04          2.79843926732428E-02
0.05          3.77471528900787E-02
0.06          3.82593073113821E-02
0.07          5.05756333982572E-02
0.08          4.37705433228985E-02
0.09          4.13343785796315E-02
9.999999E-02  0.049016290619038
0.11          6.46686976309866E-02
0.12          8.25239746179432E-02
0.13          5.31366681726649E-02
0.14          3.91614116309211E-02
0.15          3.76253777719103E-02
0.16          3.84647615673021E-02
0.17          4.28958775196224E-02
0.18          4.49980885908008E-02
0.19          3.74098530574702E-02
0.2           1.23293155850843E-02
0.21          3.03234519524267E-03
0.22          4.30996895302087E-02
0.23          0.112983052851632
0.24          0.1251340877451
0.25          0.129275332549587
0.26          0.132860625917092
0.27          8.44170563668013E-02
0.28          1.69621262163855E-02
0.29          5.18396095605567E-03
0.3           -2.21249298448674E-02
0.31          -4.79851524112746E-02
0.32          -0.105523924296722
0.33          -0.155043929703534
0.34          -0.142924890043214
0.35          -9.71684175822884E-02
0.36          -0.119606842696667
0.37          -0.191378491222858
0.38          -0.225109397247434
0.39          -0.167231390923262
0.4           -0.205231513548642
0.41          -0.193433769252151
0.42          -0.190772756226361
0.43          -7.59431663760915E-02
0.44          -1.32131747645326E-02
0.45          -3.23164816887584E-03
0.46          -2.10291890404187E-02
0.47          -0.104304606243968
0.48          -0.132098532719538
0.49          -0.118641120214015
0.5           -0.140963487233967
0.51          -0.33267251059413
0.52          -0.439591589681804
0.53          -0.321416547372937
0.54          -0.292223117239773
0.55          -0.265397370904684
0.56          -0.251300501413643
0.57          -0.123016646504402
0.58          -3.91253324830905E-02
0.59          -8.71876315958798E-02
0.6           -0.131569277476519
0.61          7.34510556561872E-02
0.62          -1.65507254877593E-02
0.63          -4.45241580577567E-02
0.64          -4.69100732915103E-02
0.65          -5.90948621509597E-02
0.66          8.67521784827113E-02
0.67          0.125698508508503
0.68          0.306681929379702
0.69          0.31114660743624
0.7           0.15654914919287
0.71          0.105655340468511
0.72          0.168155689537525
0.73          0.115522617381066
0.74          6.66579980542883E-02
0.75          0.047728112465702
0.76          0.154049592409283
0.77          0.153794014267623
0.78          0.185633930750191
0.79          0.281527536548674
0.8           0.312824356332421
0.81          0.207303145509213
0.82          0.167371121104807
0.83          0.169303004611284
0.84          -0.195993479266763
0.85          -0.369708007089794
0.86          -0.372712306492031
0.87          -0.238991637378931
0.88          -0.315491015575826
0.89          -0.470057593211532
0.9           -0.577149494066834
0.91          -0.74464379042387
0.92          -0.768087763041258
0.93          -0.827523759976029
0.94          -0.502591135650873
0.95          -0.389802694581449
0.96          -0.208847248982638
0.97          -5.14502443838865E-02
0.98          0.26382077883929
0.9899999     0.316106763929129
1             0.402323264367878
1.01          0.368085879832506
1.02          0.557457387372851
1.03          0.270701106134802
1.04          0.14595132663846
1.05          0.313243784420192
1.06          0.390738833807409
1.07          0.352859803363681
1.08          0.18823272574693
1.09          7.41693632584065E-02
1.1           0.140639186035842
1.11          9.75976123474538E-02
1.12          0.306216271743178
1.13          0.526460639387369
1.14          0.482062657848001
1.15          0.328138616122305
1.16          0.466474054008722
1.17          0.505453530438244
1.18          0.502557952702046
1.19          0.805905872806907
1.2           1.04650914900005
1.21          0.729382265210152
1.22          0.367785259857774
1.23          0.37301095303148
1.24          0.624408225864172
1.25          0.805471351593733
1.26          0.596614546068013
1.27          0.532312788628042
1.28          0.345290180705488
1.29          0.397635076493025
1.3           0.396836639195681
1.31          0.666306303441525
1.32          0.480836679451168
1.33          0.125998141765594
1.34          0.018634594345931
1.35          -0.252950476035476
1.36          -0.21581119146198
1.37          -0.108728819740936
1.38          -0.105599791919813
1.39          -0.256635153796524
1.4           -0.304401862453669
1.41          -0.302045178730041
1.42          -0.439174025394023
1.43          -0.594118186980486
1.44          -0.714119351282716
1.45          -0.732829564288259
1.46          -0.762363850548863
1.47          -0.735986329838634
1.48          -0.306668078787625
1.49          -0.17257700683549
1.5           -6.77016895031557E-02
1.51          -0.222685452271253
1.52          -0.275447473805398
1.53          -0.2630971493572
1.54          -1.99933547875844E-02
1.55          0.314263283014298
1.56          0.467044998072088
1.57          0.116544957356527
1.58          0.35101296029985
1.59          0.497776172831655
1.6           0.525261119641364
1.61          0.534470886290073
1.62          0.348331171385944
1.63          1.88007980247494E-02
1.64          -6.65173999266699E-02
1.65          0.31330708052963
1.66          0.385551403351128
1.67          0.283272126428783
1.68          -1.84119273489341E-02
1.69          -4.45581678394228E-02
1.7           -0.018824807011988
1.71          -0.289291908033192
1.72          -0.362839136682451
1.73          -0.58292252317071
1.74          -0.618672399669886
1.75          -1.21065686456859
1.76          -1.37564592137933
1.77          -1.23458038195968
1.78          -1.31261790677905
1.79          -0.902712594419718
1.8           -1.00955628097057
1.81          -0.887884274795651
1.82          -0.919856703802943
1.83          -0.747884536609054
1.84          -0.710710278376937
1.85          -0.821142985895276
1.86          -0.691662754118443
1.87          -1.06185136578977
1.88          -0.885253831744194
1.89          -0.956493822187185
1.9           -0.59792457818985
1.91          -0.291904754620045
1.92          -0.296785498615354
1.93          -0.438846252411604
1.94          -1.0217556193471
1.95          -1.18887679025531
1.96          -1.1963707280159
1.97          -1.1091674733907
1.98          -0.890954136103392
1.99          -1.09497613482177
2             -1.40033213496208
2.01          -1.12525901086628
2.02          -0.55120411913842
2.03          -0.387817747592926
2.04          -0.295328299384564
2.05          -0.574306687451899
2.06          -0.286482540182769
2.07          -0.233526171818376
2.08          -0.196913282833993
2.09          -0.30535077419132
2.1           0.271219900343567
2.11          0.441307857111096
2.12          0.515552658587694
2.13          0.538681247010827
2.14          -1.58707080117892E-02
2.15          7.21090374374762E-02
2.16          0.16121888179332
2.17          0.197159870881587
2.18          6.16796832159162E-02
2.19          7.57102873083204E-02
2.2           0.101684066914022
2.21          0.40255474101752
2.22          0.339650906659663
2.23          0.507011776864529
2.24          0.626097413375974
2.25          0.584882875308394
2.26          0.61886177636683
2.27          0.551507406905294
2.28          0.513981840647757
2.29          0.543641951680183
2.3           0.326593635566533
2.31          0.261784540805966
2.32          0.379754071757197
2.33          0.430389607138932
2.34          0.344846377037466
2.35          0.576895651817322
2.36          0.603716099113226
2.37          0.444236398525536
2.38          0.93403137780726
2.39          1.16899231016636
2.4           0.833566491901875
2.41          0.19158709064126
2.42          7.48996485164389E-02
2.43          0.429565040096641
2.44          0.450983573757112
2.45          0.255562591720372
2.46          0.378350118733943
2.47          0.605262358747423
2.48          0.302100873459131
2.49          5.79016555706039E-02
2.5           0.122342033134773
2.51          7.59165067272261E-02
2.52          -0.173158567249775
2.53          -0.161966174226254
2.54          0.159575777649879
2.55          -9.88094934727997E-02
2.56          -0.591611704900861
2.57          -0.731458172947168
2.58          -0.720464091897011
2.59          -0.568124353252351
2.6           -0.602457485944033
2.61          -0.659052686244249
2.62          -0.293237901516259
2.63          -0.44075376033783
2.64          -0.508133345916867
2.65          -0.319066551402211
2.66          1.58061042730697E-02
2.67          -0.140510190976784
2.68          -8.19950254401192E-03
2.69          -0.236615420300514
2.7           -0.556649521440268
2.71          4.98060073424131E-02
2.72          0.197527679018676
2.73          0.346237758547068
2.74          0.38968439809978
2.75          0.715166368335486
2.76          0.872720398083329
2.77          0.872981549352407
2.78          0.967712509408593
2.79          1.12450450077653
2.8           1.27470192924142
2.81          1.21732378676534
2.82          0.844462193548679
2.83          0.882916699647904
2.84          1.0144299352169
2.85          1.03047783784568
2.86          0.798266851007938
2.87          0.494373531863093
2.88          0.486331709995866
2.89          0.400015551075339
2.9           0.654736856371164
2.91          0.268329146560282
2.92          -4.59896941389889E-02
2.93          -0.783448910191655
2.94          -0.769987523406744
2.95          -0.643300360366702
2.96          -0.763101184442639
2.97          -0.986635780334473
2.98          -1.02275534704328
2.99          -0.888632133677602
3             -0.405187924951315
3.01          0.124674167688936
3.02          0.247422847263515
3.03          -6.91973935626447E-02
3.04          2.79604487819597E-03
3.05          6.20084748929366E-02
3.06          -0.140373155996203
3.07          -0.203170424848795
3.08          3.49310241965577E-02
3.09          0.292451176922768
3.1           -0.121349824592471
3.11          -0.302249685097486
3.12          -8.26928951963782E-02
3.13          -7.29294840199873E-02
3.14          0.13246040227823
3.15          5.23636891040951E-02
3.16          0.62086174339056
3.17          1.20054885596037
3.18          1.0785108140856
3.19          1.09553717516363
3.2           0.790404246300459
3.21          0.631157009080052
3.22          0.600455582030118
3.23          0.827180309146643
3.24          0.6843715685606
3.25          -7.33041169540957E-02
3.26          -0.205520530454814
3.27          -0.391441815309227
3.28          0.170174349378794
3.29          0.439042243771255
3.3           0.331973073966801
3.31          0.248547029290348
3.32          -0.231406537871808
3.33          -0.405571867749095
3.34          -0.540756752751768
3.35          -0.209621621333063
3.36          -0.730661928355694
3.37          -0.639761917814612
3.38          -0.903307914063335
3.39          -1.40027717113495
3.4           -1.23698110252619
3.41          -0.979907170012593
3.42          -0.975979156717658
3.43          -0.745485497117043
3.44          -0.995353759601712
3.45          -1.23474088802934
3.46          -1.22989135354757
3.47          -1.4636605502665
3.48          -1.41116819500923
3.49          -0.798073746711016
3.5           -0.724037325382233
3.51          -0.724652087017894
3.52          -0.474976965375245
3.53          -0.668896985426545
3.54          -0.576117679774761
3.55          -4.23564307624474E-02
3.56          0.115931401709095
3.57          5.38806761149317E-02
3.58          3.38297993433662E-02
3.59          6.16022441536188E-02
3.6           0.350799938924611
3.61          0.444006420224905
3.62          0.523669361360371
3.63          0.88606922596693
3.64          0.874795501828194
3.65          0.49389946885407
3.66          0.229974262397736
3.67          0.283369318116456
3.68          0.363236856982112
3.69          0.655191258117557
3.7           0.827489919215441
3.71          0.570913036577404
3.72          0.6866227465868
3.73          0.46927560120821
3.74          0.449263797998428
3.75          6.39874376216903E-02
3.76          -0.323877530805767
3.77          -0.28023680023849
3.78          -0.257831676844507
3.79          -0.236344493217766
3.8           -5.04034785786644E-02
3.81          -7.27619612915442E-02
3.82          -0.277683412525803
3.83          5.98657855577767E-02
3.84          0.463185214474797
3.85          0.844753604158759
3.86          1.09088651910424
3.87          0.718042102083564
3.88          1.04313398994505
3.89          1.49879588440061
3.9           1.52269023880363
3.91          1.96701460137963
3.92          1.37804474160075
3.93          0.961669265851378
3.94          0.9681161865592
3.95          1.45416861891747
3.96          1.07827992215753
3.97          0.911071920096874
3.98          0.416726052872837
3.99          0.357983279898763
4             0.610119129158556
4.01          0.469424120485783
4.02          0.169096689261496
4.03          -0.298755845837295
4.04          -0.162473091278225
4.05          0.329066678881645
4.06          0.453296732269228
4.07          0.246501070261002
4.08          0.242402519267052
4.09          0.467721630558372
4.1           0.117888099336997
4.11          -1.82478729786817E-02
4.12          0.210170071888715
4.13          0.195410913862288
4.14          -0.111660540578887
4.15          0.121519667934626
4.16          0.311988167949021
4.17          0.285739486981183
4.18          0.310290684700012
4.19          0.294516925122589
4.2           0.263885079938918
4.21          0.126706522805616
4.22          4.39283359190449E-02
4.23          0.214011144395918
4.24          -8.71048934943974E-02
4.25          -0.396502763181925
4.26          -0.132583001945168
4.27          9.99219262506813E-03
4.28          -0.01661165187601
4.29          7.56589505821467E-02
4.3           6.11701075080782E-02
4.31          -0.479734406210482
4.32          -1.22968597009778
4.33          -1.37174188166857
4.34          -2.01328288793564
4.35          -1.65344991445541
4.36          -1.50840826839209
4.37          -1.25297543004155
4.38          -0.961830941364169
4.39          -1.29401440545917
4.4           -0.880059311538935
4.41          -0.231276930682361
4.42          4.57014675205573E-02
4.43          -0.226025710757822
4.44          -0.333683384545147
4.45          -0.277392860725522
4.46          2.19194938614964E-02
4.47          9.0579132019775E-03
4.48          0.380510518737137
4.49          0.921925083249807
4.5           0.846138005554676
4.51          0.65791379481554
4.52          0.608500217869878
4.53          1.06744620099664
4.54          0.883402018547058
4.55          0.718546058982611
4.56          0.415100051835179
4.57          -0.550276787281036
4.58          -0.838879491314292
4.59          -1.14299098469317
4.6           -1.13086882956326
4.61          -1.5357416626811
4.62          -1.39350682631135
4.63          -0.807694901525974
4.64          -0.732734766304493
4.65          -0.31187714394182
4.66          -0.373733997792006
4.67          -0.066137458817102
4.68          0.458510182835162
4.69          0.491209420748055
4.7           0.931465619578958
4.71          0.615488079115748
4.72          0.311922679133713
4.73          0.452437703199685
4.74          0.690742840915918
4.75          0.457578757926822
4.76          -9.80514567811042E-03
4.77          0.159713826756924
4.78          3.43986009503715E-02
4.79          9.58211277332157E-02
4.8           6.87107818806544E-02
4.81          0.353264430686832
4.82          0.9316146504879
4.83          1.01140787489712
4.84          1.05945561535656
4.85          1.30964357435703
4.86          1.59897330656648
4.87          1.50465377122164
4.88          1.73004273846746
4.89          1.53164671137929
4.9           1.43127823144197
4.91          1.62244052186608
4.92          1.15164727583528
4.93          1.17896766006947
4.94          0.853000224754214
4.95          0.507040830217302
4.96          9.05268942285329E-02
4.97          -7.16755988728255E-02
4.98          -0.391805731393397
4.99          -0.175852891132236
5             -0.234995394386351
5.01          -0.796707106232643
5.02          -0.69695843115449
5.03          -0.467069921828806
5.04          -0.186204034276307
5.05          -0.172911650296301
5.06          -0.196491972673684
5.07          -0.48997320972383
5.08          0.171230813339353
5.09          0.119569310881197
5.1           0.128522585760802
5.11          0.214732014723122
5.12          -0.142516178805381
5.13          -0.159650950916111
5.14          -0.114333394216374
5.15          0.123674056269228
5.16          -0.381728566847742
5.17          -0.557089158967137
5.18          -0.639687731266022
5.19          -0.589705878049135
5.2           -0.901756209209561
5.21          -0.936288403049111
5.22          -0.623727902323008
5.23          0.233451802544296
5.24          0.509891786389053
5.25          0.34608697347343
5.26          3.48219713405706E-02
5.27          2.60533451358788E-02
5.28          -0.136222199331969
5.29          0.306611397340894
5.3           0.170064038001001
5.31          -0.311235338933766
5.32          -0.173313883915544
5.33          0.216238513290882
5.34          7.35399607429281E-02
5.35          -1.40657262154855E-02
5.36          -0.189949760623276
5.37          -0.27506417054683
5.38          6.85520756570622E-02
5.39          0.166664722636342
5.4           -0.145871448190883
5.41          1.73246961276163E-03
5.42          -0.251855073273182
5.43          -0.165372634157538
5.44          -0.412223039008677
5.45          -0.942355985641479
5.46          -1.32769977629185
5.47          -0.951641875728965
5.48          -1.12031789436936
5.49          -1.18076143965125
5.5           -0.730472917109728
5.51          -0.880622325316072
5.52          -0.372439570426941
5.53          -0.505904533490539
5.54          -0.575973765179515
5.55          -1.19365893557668
5.56          -1.43297553196549
5.57          -1.39647443443537
5.58          -1.02106447845697
5.59          -0.711911588832736
5.6           -0.799165787324309
5.61          -0.512136240117252
5.62          -0.609227867312729
5.63          -0.648726211041212
5.64          -0.338006633073092
5.65          0.10452952304855
5.66          0.381797344721854
5.67          0.698668887913227
5.68          0.824023762866855
5.69          1.20279221333563
5.7           0.753551438748837
5.71          0.421447569876909
5.72          0.688355130404234
5.73          0.602769215628505
5.74          0.551024609617889
5.75          0.150788636785001
5.76          0.145070781642571
5.77          0.712482642531395
5.78          1.04678542993963
5.79          1.17047911092639
5.8           0.494214231781662
5.81          -5.94379932107404E-02
5.82          -9.60166896879673E-02
5.83          -0.231253943815827
5.84          -0.613118166066706
5.85          -0.532226980738342
5.86          -0.23868056550622
5.87          -0.114671701323241
5.88          -0.370059242025018
5.89          -0.568999133259058
5.9           -0.546479678526521
5.91          -0.314937868975103
5.92          -0.221035112198442
5.93          -0.335316329151392
5.94          -0.485813463963568
5.95          -0.37960142288357
5.96          0.156206447537988
5.97          0.331797218956053
5.98          -4.13186641875654E-02
5.99          -0.353838481083512
6             -0.189814068675041
6.01          0.612560378238559
6.02          0.443595653325319
6.03          -0.116291718101129
6.04          -0.435542721748352
6.05          -0.491435488723218
6.06          0.196251633837819
6.07          0.217411227207631
6.08          0.286349059212953
6.09          -6.99309267662466E-02
6.1           -2.65814583445899E-02
6.11          0.288138197567314
6.12          0.310079929120839
6.13          0.480979132242501
6.14          0.842426558509469
6.15          0.574458568878472
6.16          8.76121668610722E-02
6.17          -0.35727752096951
6.18          -0.3873841034621
6.19          -0.18945656625554
6.2           -7.87966670002788E-02
6.21          -0.156771453022957
6.22          -0.444968141019344
6.23          -0.654935150071979
6.24          -1.13289123527706
6.25          -0.908755691796541
6.26          -0.720590172484517
6.27          -1.15152477666736
6.28          -1.04348460361362
6.29          -0.803733486011624
6.3           -0.34486380904913
6.31          -5.15952873090282E-02
6.32          0.67144352093339
6.33          0.94930145457387
6.34          0.983002539798617
6.35          0.929219265505672
6.36          0.904030776098371
6.37          1.41330637559295
6.38          1.04228175826371
6.39          0.896784979552031
6.4           0.804185110330582
6.41          0.676162954866886
6.42          0.91388158030808
6.43          0.776979770064354
6.44          0.717032214850187
6.45          0.264950716719031
6.46          0.111214297525585
6.47          0.179349672272801
6.48          0.278353996798396
6.49          0.181327164061368
6.5           0.323126382865012
6.51          0.429577867425978
6.52          4.09711157390848E-02
6.53          -2.17613195403828E-03
6.54          -0.223086626082659
6.55          1.76931789214723E-02
6.56          0.202822972331196
6.57          0.224391761161387
6.58          -0.261673662979156
6.59          -0.450496427603066
6.6           -0.166515143550932
6.61          0.277127086501569
6.62          0.350081243030727
6.63          1.48114426410757E-02
6.64          -0.517122416719794
6.65          -0.457114562094212
6.66          -0.749405835941434
6.67          -0.801018989235163
6.68          -0.954881598651409
6.69          -0.815862292349339
6.7           -0.835568359270692
6.71          -0.647804032042623
6.72          -1.03141273453832
6.73          -0.853192817419767
6.74          -0.97571296222508
6.75          -0.883019172102213
6.76          -0.609912539720535
6.77          -0.376288427039981
6.78          -0.489128908328712
6.79          -0.760134965032339
6.8           -0.915048903822899
6.81          -0.944382849857211
6.82          -0.562381583489478
6.83          -0.338790817782283
6.84          -0.307349608317018
6.85          1.62896792858373E-02
6.86          7.40834046201781E-02
6.87          0.630397675037384
6.88          0.523598536960781
6.89          0.472571347765625
6.9           0.674126881286502
6.91          0.500111770033836
6.92          0.217001337390393
6.93          5.05500015802682E-02
6.94          0.538931105844677
6.95          0.911858662962914
6.96          0.959614992812276
6.97          0.776489334851503
6.98          0.99728326767683
6.99          1.27840219348669
7             1.44073142498732
7.01          1.71162240117788
7.02          1.64904272183776
7.03          1.33582331299782
7.04          1.5252346546948
7.05          1.29320237338543
7.06          1.07393631801009
7.07          0.94201224245131
7.08          0.588762100897729
7.09          0.437305364906788
7.1           0.231318244915456
7.11          0.428155057132244
7.12          0.711989795342088
7.13          0.793818362429738
7.14          0.470956675708294
7.15          0.319941258318722
7.16          0.645891846343875
7.17          0.994132056981325
7.18          0.901916203647852
7.19          1.00154691115022
7.2           0.792781504914165
7.21          0.402342962175608
7.22          0.325564598701894
7.23          7.73967248015106E-02
7.24          0.113894414501265
7.25          0.470646005831659
7.26          0.479862460233271
7.27          0.313720917217433
7.28          0.163679993133992
7.29          0.384930794499815
7.3           0.149677976444364
7.31          -0.118285399368033
7.32          -0.358190052062273
7.33          -0.381102074235678
7.34          -0.526781030260026
7.35          -1.17845157019794
7.36          -1.03881355538964
7.37          -0.81478311561048
7.38          -0.920015894249082
7.39          -1.1308782581985
7.4           -1.3385340821743
7.41          -1.23423627331853
7.42          -1.35693453893065
7.43          -1.19108257927001
7.44          -1.14810400933027
7.45          -0.897428757995367
7.46          -0.66826278179884
7.47          -0.524312079995871
7.48          -0.460242347382009
7.49          -0.755843401104212
7.5           -0.800641259104014
7.51          -1.16579519882798
7.52          -1.15811743922532
7.53          -0.797837811559439
7.54          -0.639289608970285
7.55          -0.52121378660202
7.56          -0.53940483994782
7.57          -0.447543656788766
7.58          0.118421538993716
7.59          0.342401290722191
7.6           0.544270015731454
7.61          1.05357178151608
7.62          1.54968858763576
7.63          1.45158444195986
7.64          1.17911259792745
7.65          0.737519396692514
7.66          0.707632742598653
7.67          0.48071213375777
7.68          0.109890177268535
7.69          -0.165014985557646
7.7           -8.49340507294983E-02
7.71          -0.036147793228738
7.72          -4.36610861867666E-02
7.73          -0.338545380905271
7.74          -0.260680714398623
7.75          -0.13219674766995
7.76          -6.28492222772911E-02
7.77          0.149742451133207
7.78          5.18348312890157E-02
7.79          0.13497454055585
7.8           0.389743381887674
7.81          0.595738084986806
7.82          0.812191702723503
7.83          0.370773004330695
7.84          -0.464180008582771
7.85          -0.524553752727807
7.86          -0.136265212912112
7.87          -0.382286756671965
7.88          -0.444783295914531
7.89          -0.126359316967428
7.9           -0.242217893432826
7.91          -0.542305497452617
7.92          -1.07732667982578
7.93          -1.27547580823302
7.94          -1.4201179432869
7.95          -1.24966605216265
7.96          -0.804689286500216
7.97          -0.537351078540087
7.98          -0.711867149993777
7.99          -1.0596955704689
8             -0.628140869066119
8.01          -0.111261586882174
8.02          -0.121401143046096
8.03          -3.50104092853144E-02
8.04          -0.239670791476965
8.05          -0.453755263611674
8.059999      -0.539370049014688
8.07          -0.4169874599576
8.08          -0.232801975887269
8.09          -0.613618651181459
8.099999      -0.740630773231387
8.11          -0.638691438809037
8.12          -0.101721251551062
8.13          -0.108493715990335
8.139999      0.118171506570652
8.15          0.496031984947622
8.16          0.895228743106127
8.17          0.593199772126973
8.179999      0.307780401930213
8.19          0.688016503527761
8.2           0.942947943136096
8.21          0.758364208862185
8.22          0.963311456367373
8.23          1.09317343823612
8.24          0.604744514711201
8.25          -0.128043388165534
8.26          -0.264981286693364
8.27          0.163166826870292
8.28          -6.89093725103885E-02
8.29          -0.393599839881063
8.3           -0.129981922879815
8.309999      3.08095639944077E-02
8.32          0.130509661501274
8.33          0.351257739365101
8.34          0.302297431267798
8.349999      -5.94305745558813E-03
8.36          -0.365639806799591
8.37          -0.177224556561559
8.38          0.379362527579069
8.389999      0.10469794113189
8.4           -0.218970186263323
8.41          -0.116166715594009
8.42          -0.034462828959804
8.429999      -0.24480868505314
8.44          0.293908595424145
8.45          0.343138186074793
8.46          4.61073008319363E-02
8.47          -9.55709125846624E-02
8.48          0.194789080750197
8.49          0.254682457856834
8.5           8.22116967570037E-02
8.51          -0.18016806319356
8.52          -0.212228693794459
8.53          -8.25272305577528E-03
8.54          -3.18744310433976E-02
8.55          -3.34861475159414E-02
8.559999      0.447775133438408
8.57          0.191984609942883
8.58          0.162192406654358
8.59          3.31885699206032E-02
8.599999      -7.66379206627607E-02
8.61          -0.467405990548432
8.62          -0.194777879677713
8.63          0.181242580432445
8.639999      0.178306638635695
8.65          0.148519094847143
8.66          0.129975938620046
8.67          0.466985283382237
8.679999      0.663330509215593
8.69          0.676340710222721
8.7           0.687530234456062
8.71          0.56963962264359
8.72          0.608311206623912
8.73          0.666014454290271
8.74          0.673335606828332
8.75          0.458190193958581
8.76          0.287847554404289
8.77          5.28549328772351E-02
8.78          -0.349743200875819
8.79          -0.373121173046529
8.8           -0.472073347717524
8.809999      -9.87975432258099E-02
8.82          0.338342555612326
8.83          0.468305073045194
8.84          0.365006151348352
8.849999      0.345747579149902
8.86          0.818397718146443
8.87          1.17838206142187
8.88          1.09499294556677
8.889999      1.21999245598912
8.9           0.795372698530555
8.91          0.946344371438027
8.92          0.863102897778153
8.929999      0.670337885543704
8.94          0.655043104290962
8.95          0.704073250070214
8.96          0.339387745410204
8.97          0.152477869978175
8.98          -0.164986900649965
8.99          -0.607063118442893
9             -1.41123587653041
9.01          -1.98222174748778
9.02          -1.74229835629463
9.03          -1.86595731943846
9.04          -1.79958981379867
9.05          -1.22271126508713
9.059999      -1.61456929251552
9.07          -1.71012215182185
9.08          -1.93191391199827
9.09          -1.71915829271078
9.099999      -1.58218434244394
9.11          -1.13397304326296
9.12          -0.920664277374744
9.13          -0.74580453582108
9.139999      -5.41354182874784E-02
9.15          -3.94117090059444E-02
9.16          0.279519639238715
9.17          0.338544650003314
9.179999      2.12670176848769E-02
9.19          0.191558475829661
9.2           0.682706793174148
9.21          0.408536954261363
9.22          0.606257883757353
9.23          1.00472779646516
9.24          1.2609883081913
9.25          1.40226946368814
9.26          0.87168851070106
9.27          0.355876637734473
9.28          0.537150665223599
9.29          0.727325726374984
9.3           0.277998833265156
9.309999      0.400681658573449
9.32          -0.162992963567376
9.33          -0.544609008058906
9.34          -0.411033276803792
9.349999      -0.360566214323044
9.36          -0.597576924674213
9.37          -0.009960856345715
9.38          -0.424335728958249
9.389999      -0.53066986721009
9.4           -0.826665096357465
9.41          -1.5325685249269
9.42          -0.855121156051755
9.429999      -1.13196781374514
9.44          -0.781467434987426
9.45          -0.840819085836411
9.46          -0.526942084506154
9.469999      -0.347822207808495
9.48          -0.375410796515644
9.49          -9.86059555504471E-02
9.5           -0.338679172508419
9.51          -0.159129708185792
9.52          -0.261478402521461
9.53          -0.386914389319718
9.54          -0.324255882203579
9.55          -0.586408560052514
9.559999      -0.547326574623585
9.57          -0.433902395032346
9.58          -0.859610355868936
9.59          -0.790277580991387
9.599999      -0.705173769146204
9.61          -0.484918986149132
9.62          -0.468764189109206
9.63          -0.540720061473548
9.639999      0.120583729706705
9.65          0.688725770786405
9.66          0.892546625286341
9.67          0.80100305557251
9.679999      0.721937370970845
9.69          0.433198646083474
9.7           0.455572614781559
9.71          0.671741290390492
9.719999      0.461718001887202
9.73          0.525046746097505
9.74          0.794124902710319
9.75          0.851312060505152
9.76          0.654994426220656
9.77          0.979233497679234
9.78          1.47739682927728
9.79          1.87387883484364
9.8           1.53301569074392
9.809999      0.789362053200603
9.82          0.466127460300922
9.83          0.465365056470037
9.84          -0.248240214921534
9.849999      -0.433029113374651
9.86          -0.602050739005208
9.87          -0.810203503221273
9.88          -0.895453203096986
9.889999      -1.12124314315617
9.9           -0.992521368339658
9.91          -0.553124235123396
9.92          -0.347491036131978
9.929999      -0.620627927854657
9.94          -0.59362212382257
9.95          -1.08638438232243
9.96          -1.11695311412215
9.969999      -0.16027198003605
9.98          7.12966079358012E-02
9.99          0.146146523142234
10            -0.174683667272329
10.01         -0.327314487621188
10.02         -0.379466754198074
10.03         -0.167899745944887
10.04         -2.82690241676755E-02
10.05         -8.87335703184363E-03
10.06         -0.222924146577716
10.07         -8.23972327925731E-03
10.08         0.378237998373807
10.09         0.485327377617359
10.1          -4.62040311377496E-02
10.11         -0.202023877222091
10.12         8.41548818349838E-02
10.13         -5.83272140985355E-02
10.14         0.234819996189326
10.15         0.534883626624942
10.16         0.826980699822307
10.17         1.15815603084862
10.18         1.16049192041159
10.19         1.25881665229797
10.2          1.37685673356056
10.21         1.37368739649653
10.22         1.29075268238783
10.23         1.16489845521748
10.24         1.0663784263283
10.25         0.616155977323651
10.26         0.52276234857738
10.27         0.111818598126993
10.28         -0.148632338969037
10.29         -0.453348991759121
10.3          -0.491531492695212
10.31         -2.13704014825635E-02
10.32         0.36150140337646
10.33         0.570487870909274
10.34         0.657701248526573
10.35         0.997083585262299
10.36         1.00983592405915
10.37         1.01034010022879
10.38         0.623227015212178
10.39         0.552015164494514
10.4          0.672563482001424
10.41         0.599255294837058
10.42         0.295465818587691
10.43         -0.178833070769906
10.44         0.302240183372051
10.45         0.305992524381727
10.46         0.125566827384755
10.47         -0.166747570373118
10.48         -1.65280481125228E-02
10.49         -0.217893933132291
10.5          -2.74219567654654E-02
10.51         0.065028936364688
10.52         -1.92981368349865E-02
10.53         -0.171088360548019
10.54         -0.527695863693953
10.55         -0.411303820163012
10.56         -0.332354202792048
10.57         -0.987309452667832
10.58         -1.46472912892699
10.59         -1.16509872235358
10.6          -1.14701306506991
10.61         -1.05568554997444
10.62         -1.17260815523565
10.63         -1.10991131231189
10.64         -0.981170387864113
10.65         -0.92321819499135
10.66         -0.838634785339236
10.67         -0.458040030151606
10.68         -0.393639966398478
10.69         -0.706268002465367
10.7          -0.432232320606709
10.71         -0.258427946660668
10.72         -0.51791040211916
10.73         0.134807090917602
10.74         0.411533469557762
10.75         0.693641451895237
10.76         0.601044433191419
10.77         0.354218696281314
10.78         0.309410167112947
10.79         7.26546511799097E-02
10.8          -1.08832386264112E-02
10.81         0.120945096770301
10.82         0.240316232722253
10.83         0.152449337393045
10.84         0.490289544090629
10.85         0.417006390318275
10.86         0.237905389163643
10.87         -0.139577523535118
10.88         0.144231167156249
10.89         8.41971919219941E-02
10.9          -3.21439465717413E-02
10.91         0.120192185528576
10.92         0.197598503418267
10.93         0.367249106727541
10.94         0.216420635785908
10.95         0.502201637998223
10.96         0.398321868516505
10.97         0.669060415104032
10.98         0.518980808034539
10.99         0.280089267678559
11            0.185656442530453
11.01         -9.10662085097283E-02
11.02         0.314972623363137
11.03         0.164941566456109
11.04         0.254543604757637
11.05         0.4644672165066
11.06         0.366487726159394
11.07         0.127175442092121
11.08         0.414015210606158
11.09         1.14302431382239
11.1          0.569300813041627
11.11         0.228396829795092
11.12         -0.164767027068883
11.13         -0.513071209900081
11.14         -0.355792328193784
11.15         -0.616942647099495
11.16         -0.915462155789137
11.17         -0.931011656373739
11.18         -1.01683803789318
11.19         -1.23942874699831
11.2          -0.809002119675279
11.21         -0.537394713386893
11.22         -0.408686131350696
11.23         -7.92077445331961E-02
11.24         -0.64841060757637
11.25         -0.670597501918674
11.26         -0.264379279296845
11.27         6.68070015544072E-02
11.28         -1.84105945948977E-02
11.29         -5.55380419827998E-02
11.3          -0.495154244787991
11.31         -0.926480429694057
11.32         -0.791457987651229
11.33         -0.690346472784877
11.34         -0.558517231754959
11.35         -0.499872216917574
11.36         -0.202687645833939
11.37         0.173407019097358
11.38         0.677723795995116
11.39         0.333540237396955
11.4          0.430734483227134
11.41         0.817150799408555
11.42         1.18615344956517
11.43         0.813924086540938
11.44         0.782026940435171
11.45         0.681846887022257
11.46         0.589390530399978
11.47         0.869602077975869
11.48         0.720394436940551
11.49         0.472628540843725
11.5          0.376530245952308
11.51         0.595843919590116
11.52         0.481018783673644
11.53         0.131347074145451
11.54         5.36432426143438E-02
11.55         0.325256231166422
11.56         0.716987191289663
11.57         0.615381659790874
11.58         0.407677669376135
11.59         0.219936858918518
11.6          -0.231342200227082
11.61         -0.353024292849004
11.62         7.24783028103411E-02
11.63         0.339240322485566
11.64         0.328050286620855
11.65         -0.248219000492245
11.66         -0.44219765715301
11.67         -0.479116026610136
11.68         -0.430013996623457
11.69         -0.156922183278948
11.7          -7.42163145728409E-02
11.71         -0.379815869517624
11.72         -0.994092369005084
11.73         -0.807601492255926
11.74         -0.589788323789835
11.75         -0.860104153230786
11.76         -0.539577954076231
11.77         -0.409458036907017
11.78         -0.352117243520916
11.79         -0.103122317511588
11.8          8.87506197486073E-02
11.81         0.510989601127803
11.82         0.657118427306414
11.83         0.856923414096236
11.84         0.801120072975755
11.85         0.798082078993321
11.86         0.172062488403171
11.87         -0.25675971776247
11.88         -0.188768147975206
11.89         -0.507725392989814
11.9          -0.860340088382363
11.91         -0.948063745200634
11.92         -0.800573723763228
11.93         -0.562102890573442
11.94         -0.78308002397418
11.95         -0.79025163397193
11.96         -0.451181428916752
11.97         -0.386783886775374
11.98         -0.113199445512146
11.99         -0.169253285005689
12            -0.605947031155229
12.01         -0.782619409561157
12.02         -0.594163685627282
12.03         -0.735659324303269
12.04         -0.497452346719801
12.05         -0.370301755294204
12.06         -0.222197027038783
12.07         -0.491148463524878
12.08         -0.617524445056915
12.09         -0.868957056999207
12.1          -0.590554637946188
12.11         -0.434444322288036
12.12         -0.391118135377765
12.13         -0.169730454348028
12.14         -0.168761534169316
12.15         -0.18026867184788
12.16         -0.329659623093903
12.17         -0.35343454811722
12.18         -0.25322279183194
12.19         -0.348449394777417
12.2          -0.188164898045361
12.21         -0.474233601540327
12.22         -7.91394052002579E-02
12.23         -0.127373461704701
12.24         -0.139654186014086
12.25         0.43507973190397
12.26         0.524279701039195
12.27         0.541229134686291
12.28         0.35345793697983
12.29         0.631270810514688
12.3          0.859469657242298
12.31         0.619624472558498
12.32         0.329408302456141
12.33         0.189878917951137
12.34         2.25976863666438E-02
12.35         0.255447419844568
12.36         0.244259503595531
12.37         0.260329881459475
12.38         0.395024660155177
12.39         0.633943061158061
12.4          0.76495577506721
12.41         0.248052080757916
12.42         -0.449045989215374
12.43         -0.814314753636718
12.44         -0.788817238882184
12.45         -0.953138762935996
12.46         -1.06301591187716
12.47         -0.686044530048966
12.48         -0.955996224135161
12.49         -1.01636916428804
12.5          -0.872278494760394
12.51         -0.976068472936749
12.52         -0.90519305638969
12.53         -0.823283505365253
12.54         -0.358716338016093
12.55         -0.385741766765714
12.56         -0.513170941472054
12.57         -0.479905291087925
12.58         -7.32057923683897E-02
12.59         -3.23319134273334E-03
12.6          -0.284125454463065
12.61         -0.228881362974644
12.62         -0.165140956509858
12.63         -3.82874607411213E-02
12.64         4.11818713182583E-02
12.65         0.803215568885207
12.66         1.44658770382404
12.67         1.58313831567764
12.68         1.49723789379001
12.69         1.10170657239854
12.7          0.94497729241848
12.71         1.0859642598778
12.72         1.35787082433701
12.73         0.911138651445508
12.74         0.173571563400328
12.75         -0.085410114582628
12.76         -0.52730439260602
12.77         -0.487168812006712
12.78         -0.68824381403625
12.79         -0.726667987704277
12.8          -0.616432404443622
12.81         -0.620243911966681
12.82         -0.185118681415916
12.83         5.82392180711031E-02
12.84         0.193425418697298
12.85         1.18657353089657E-02
12.86         -1.86984831711743E-02
12.87         -5.68614541785792E-02
12.88         -1.42356095288415E-02
12.89         0.150693043945357
12.9          0.250162413977087
12.91         0.350506774149835
12.92         0.398612767495215
12.93         0.13963578555733
12.94         -0.121240527341142
12.95         2.90541864582337E-02
12.96         0.175444262120873
12.97         0.358179746344686
12.98         0.555548527278006
12.99         0.73939679145813
13            0.792948735281825
13.01         1.094666159302
13.02         1.19804602839053
13.03         1.26937423869967
13.04         1.08266423754394
13.05         0.544660280831158
13.06         0.247477683182806
13.07         0.246806404553354
13.08         0.168768623918295
13.09         -3.49417280558555E-04
13.1          -0.263616802375764
13.11         -0.202571998871863
13.12         -7.94681649003178E-02
13.13         -0.438067768737674
13.14         -0.749246937856078
13.15         -1.07823986873031
13.16         -0.607512878961861
13.17         -0.458686659112573
13.18         0.138002859223634
13.19         0.283833605311811
13.2          0.239959315024316
13.21         0.219260281249881
13.22         0.451968171782792
13.23         0.690022975578904
13.24         0.844828521609306
13.25         0.974698397219181
13.26         0.863371431156993
13.27         0.448763166703284
13.28         0.539144200310111
13.29         0.488450704403222
13.3          0.400788443349302
13.31         2.02574913343415E-02
13.32         -0.291010550893843
13.33         -0.690053454190493
13.34         -0.682596573159099
13.35         -0.368946224525571
13.36         0.127952418280765
13.37         0.408063110522926
13.38         0.353812095522881
13.39         0.303037487771362
13.4          0.664851589277387
13.41         0.618973750546575
13.42         0.654476362913847
13.43         0.765336721166968
13.44         0.54293385386467
13.45         -4.44638677826151E-02
13.46         -0.548816847167909
13.47         -0.626187460497022
13.48         -0.550448622331023
13.49         -0.212652434203774
13.5          -0.111167656844482
13.51         8.65229744813405E-03
13.52         0.300706988610327
13.53         0.601619287580252
13.54         1.35264151319861
13.55         1.28887265637517
13.56         1.19605592854321
13.57         0.935343273729086
13.58         0.661963722556829
13.59         0.507436869442463
13.6          0.308515652753413
13.61         0.370559325143695
13.62         0.483053468540311
13.63         0.30294700210914
13.64         -7.28295697225258E-02
13.65         5.97995338635519E-02
13.66         0.187553443741053
13.67         0.499915047772229
13.68         0.480050375126302
13.69         0.156343674380332
13.7          -2.01493932190351E-02
13.71         -2.33942804206163E-02
13.72         -0.13467437739484
13.73         -0.218010091725737
13.74         -0.473043400794268
13.75         -0.691206525117159
13.76         -0.782634319961071
13.77         -0.825266954004765
13.78         -0.699709107577801
13.79         -0.630247767046094
13.8          -0.352036442309618
13.81         -0.657116234600544
13.82         -0.666961995586753
13.83         -0.746231163293123
13.84         -0.600029795095325
13.85         -0.433073406033218
13.86         -0.240505298785865
13.87         -0.334560941979289
13.88         -0.460937581323087
13.89         -0.549437382929027
13.9          -0.373401181586087
13.91         0.107502366257831
13.92         0.297031666394323
13.93         0.334619852676988
13.94         0.381385481469333
13.95         0.455043843761086
13.96         4.86980330664665E-02
13.97         -0.148021990153939
13.98         -0.196310453172773
13.99         -0.901614633500576
14            -1.43806597173214
14.01         -1.65162909150124
14.02         -1.39680217087269
14.03         -0.882840832024813
14.04         -0.79424601316452
14.05         -0.791218763440847
14.06         -0.660067105069757
14.07         -0.327485007047653
14.08         -2.05593766830862E-02
14.09         0.302400269173086
14.1          0.142444175826386
14.11         0.2845370618999
14.12         0.515665546394885
14.13         0.561765688955784
14.14         0.511151459366083
14.15         0.381096300110221
14.16         0.202291332520545
14.17         -8.30825481656939E-02
14.18         0.012702960659517
14.19         0.209076807014644
14.2          9.50477969180793E-02
14.21         0.170598473511636
14.22         0.162037619892508
14.23         0.372416510470212
14.24         0.296186085920781
14.25         0.221880053132772
14.26         0.452999949529767
14.27         0.155680216401815
14.28         -8.55949231423438E-02
14.29         -0.316389367170632
14.3          -0.492997243478894
14.31         -0.538608631901443
14.32         -0.597671174481511
14.33         -0.598976199924946
14.34         -1.05508818380535
14.35         -1.21935335531831
14.36         -1.26219809710979
14.37         -1.27187216922641
14.38         -1.03406335048378
14.39         -1.03253868900239
14.4          -1.11653606146574
14.41         -0.903072929084301
14.42         -0.932434283941984
14.43         -0.613852612897754
14.44         -0.405495598129928
14.45         -0.131083666216582
14.46         -7.91022011486348E-03
14.47         -3.42852717469214E-03
14.48         0.347584299221635
14.49         0.148289975356311
14.5          0.269198225531727
14.51         -8.15601159352809E-02
14.52         -0.208920942172408
14.53         -7.76811187528074E-02
14.54         0.012986820138758
14.55         -0.138010917417705
14.56         -0.36092077486217
14.57         -0.463937787674367
14.58         -0.132491757972166
14.59         0.152519695842639
14.6          1.99725309340283E-02
14.61         -0.250180321075022
14.62         -0.269772221110761
14.63         -0.152501907516271
14.64         9.08860503137112E-02
14.65         0.331174271218479
14.66         0.33001535307616
14.67         0.293436377942562
14.68         0.488209835663438
14.69         0.30489801697433
14.7          0.426216705143452
14.71         0.61177783805877
14.72         0.444054550118744
14.73         0.339867472909391
14.74         0.172193009220064
14.75         0.221436523552984
14.76         0.650459691211581
14.77         0.652942711338401
14.78         0.459460830464959
14.79         0.391308133341372
14.8          0.464814541116357
14.81         0.438127410337329
14.82         0.90269169062376
14.83         0.722149186357856
14.84         0.652516303136945
14.85         0.552613115385175
14.86         0.670026886761188
14.87         0.544259600378573
14.88         0.407406906746328
14.89         0.134004688477144
14.9          0.322433158904314
14.91         0.318523491248488
14.92         7.72709822561592E-02
14.93         7.15813993150368E-02
14.94         -0.313354077525437
14.95         -0.351472149454057
14.96         -8.21743476670235E-03
14.97         -2.71426996844821E-02
14.98         -5.96290692547336E-02
14.99         0.136650142427534
15            -4.17058640671894E-02
15.01         8.80463683046401E-02
15.02         0.322095336019993
15.03         0.301992663424462
15.04         0.352387055978179
15.05         0.328151041455567
15.06         0.411525721997023
15.07         0.793015978261828
15.08         0.897117101401091
15.09         0.579589098617435
15.1          0.793065094873309
15.11         0.954237820208073
15.12         0.81582845158875
15.13         1.13055410318077
15.14         0.97853095471859
15.15         0.904028291031718
15.16         1.10159510985017
15.17         1.13851516038179
15.18         1.02468894816935
15.19         0.879278562068939
15.2          0.729655476361513
15.21         0.733546432927251
15.22         0.72988856099546
15.23         0.333467914648354
15.24         2.17118423315696E-02
15.25         -0.027300862299744
15.26         8.04847124777734E-02
15.27         -4.98638399597257E-02
15.28         -0.100743834637105
15.29         -0.128074268773198
15.3          -1.85005189472577E-03
15.31         0.370044806711376
15.32         0.323000265732408
15.33         0.1060706846416
15.34         -0.180828049387783
15.35         -0.163916841913015
15.36         3.44861150393263E-02
15.37         6.39763781614602E-02
15.38         -5.19386878889054E-02
15.39         -0.207302177064121
15.4          0.248653704430908
15.41         0.476048942729831
15.42         0.586175987049937
15.43         0.348347068503499
15.44         0.479365885443986
15.45         0.671700725331903
15.46         0.360816000066698
15.47         6.44781926041469E-02
15.48         -0.208064270261675
15.49         -0.462988163307309
15.5          -0.463440006896854
15.51         -0.515472040101886
15.52         -0.812728038579226
15.53         -0.953168437555432
15.54         -0.732883504852653
15.55         -0.320914600454271
15.56         -0.535511983036995
15.57         -0.857421377599239
15.58         -0.663311505764723
15.59         -0.297197672501206
15.6          -0.398909148238599
15.61         -0.610824595727027
15.62         -0.405649928078055
15.63         -0.316016607172787
15.64         -0.579060144871473
15.65         -0.303056418132037
15.66         -0.1670490308851
15.67         8.45350330788642E-02
15.68         -5.95273642474786E-02
15.69         0.159120224732906
15.7          0.732312670424581
15.71         0.923967223316431
15.72         0.97393540866673
15.73         0.996054767668247
15.74         1.18509488426149
15.75         0.973049628585577
15.76         0.92098251208663
15.77         0.770463194400072
15.78         0.353286759741604
15.79         0.16470634393394
15.8          -0.157311662659049
15.81         -0.307707019373775
15.82         -0.406477820724249
15.83         -0.226412357892841
15.84         -0.175239865388721
15.85         -0.236194037050009
15.86         -0.681691351085901
15.87         -0.869481990784407
15.88         -0.707705174982548
15.89         -0.710626955553889
15.9          -0.735470386147499
15.91         -0.568714118041098
15.92         -0.424488414376974
15.93         -0.317745921202004
15.94         -0.344566149227321
15.95         -0.209633169583976
15.96         -0.195595229063183
15.97         -0.246713178008795
15.98         -0.320502773746848
15.99         -0.37347397942096
16            -0.333071656152606
16.01         -0.557088830061257
16.02         -0.567851946093142
16.03         -0.526144780106843
16.04         -0.450463317744434
16.05         -0.445668308548629
16.06         -0.417636610530317
16.07         -0.442698434628546
16.08         -0.334516539685428
16.09         -0.177245807535946
16.1          4.47548261471093E-02
16.11         0.170466289892793
16.12         0.245369268581271
16.13         0.244406762067229
16.14         0.182151804193854
16.15         0.287937820795924
16.16         0.284050555285066
16.17         0.306463334877044
16.18         0.312551949173212
16.19         0.207568225376308
16.2          0.175464636012912
16.21         0.145139906695113
16.22         -2.73057113774121E-02
16.23         3.29855641862378E-02
16.24         -2.99042437062599E-02
16.25         -8.58135267812759E-02
16.26         -6.51551174512133E-02
16.27         -4.20661627576919E-03
16.28         5.15119690541178E-02
16.29         0.303772720322013
16.3          0.259895451609045
16.31         0.209673168193549
16.32         0.218368982858956
16.33         0.357882196158171
16.34         0.445886555872858
16.35         0.376074528582394
16.36         0.221739299688488
16.37         6.44288430176675E-02
16.38         3.47467318363488E-02
16.39         -2.12801819143351E-03
16.4          -0.089174241386354
16.41         2.41803472023457E-02
16.42         -0.190457627847791
16.43         -9.83878269977868E-02
16.44         6.99661950697191E-03
16.45         -3.81101964600384E-02
16.46         -9.11307380162179E-02
16.47         -0.08144277876243
16.48         -0.12626959875226
16.49         -0.15432371718809
16.5          -0.416664182022214
16.51         -0.696786011382938
16.52         -0.609190298952162
16.53         -0.495183736681938
16.54         -0.467908595278859
16.55         -0.334916014149785
16.56         -0.239488778617233
16.57         -0.114253616267815
16.58         3.22726989485091E-03
16.59         0.103565965862945
16.6          0.337710617780685
16.61         0.362010440044105
16.62         0.270617911219597
16.63         0.294830591697246
16.64         0.280005542859435
16.65         0.353070705123246
16.66         0.23612620934844
16.67         0.318244725242257
16.68         0.272451342232525
16.69         0.219718374051154
16.7          9.05915516428649E-02
16.71         6.34654457168654E-02
16.72         -4.64001915184781E-02
16.73         -1.40807847943506E-03
16.74         7.90496869850904E-02
16.75         -2.73761703260243E-02
16.76         -0.304994861483574
16.77         -0.60945364292711
16.78         -0.713874937668443
16.79         -0.811315643638373
16.8          -0.793797166272998
16.81         -0.805988026186824
16.82         -0.529127590991557
16.83         -0.519483485855162
16.84         -0.596336547508836
16.85         -0.557236947342753
16.86         -0.553072194904089
16.87         -0.436356946527958
16.88         -0.346322250813246
16.89         -0.425697655119002
16.9          -0.303712183367461
16.91         -0.27003470627591
16.92         -9.51103164441884E-02
16.93         -2.75039234227734E-03
16.94         0.127862124480307
16.95         0.127671441296116
16.96         0.189904188886285
16.97         0.284921900052577
16.98         0.132122551985085
16.99         8.57091174367815E-02
17            1.04775549215265E-02
17.01         -0.130853605689481
17.02         -0.159959080908448
17.03         -0.248185689635575
17.04         -0.403827424049377
17.05         -0.58613169439137
17.06         -0.745335516035557
17.07         -0.723467075675726
17.08         -0.625022548958659
17.09         -0.539416680559516
17.1          -0.562976610772312
17.11         -0.50489300172776
17.12         -0.587815984860063
17.13         -0.718693481907249
17.14         -0.526316395886242
17.15         -0.390047327466309
17.16         -0.247945643160492
17.17         -0.202309678159654
17.18         -0.203075773045421
17.19         -9.29677139036357E-02
17.2          0.133461683141068
17.21         0.33728673119098
17.22         0.376269825585187
17.23         0.477114488147199
17.24         0.361544563136995
17.25         0.179395408462733
17.26         0.25567973703146
17.27         3.72381847444922E-02
17.28         1.20917496085167E-02
17.29         9.74164948426187E-02
17.3          0.173196080792695
17.31         0.125297855464742
17.32         0.138024009699002
17.33         0.231418250575662
17.34         0.263204043768346
17.35         0.419150162301958
17.36         0.496908848024905
17.37         0.451939520426095
17.38         0.319489085823297
17.39         0.148662132360041
17.4          0.146487498041242
17.41         0.219224174693227
17.42         0.177042086888105
17.43         7.00040763476864E-02
17.44         0.185787273980677
17.45         0.242403962798417
17.46         7.64484800118953E-02
17.47         0.155042888168246
17.48         0.167945902403444
17.49         0.236700570378453
17.5          0.143992134807631
17.51         5.40875213686377E-02
17.52         2.05169660970569E-02
17.53         4.63895477587357E-02
17.54         0.138098570834845
17.55         0.182188239656389
17.56         0.165427232533693
17.57         4.48562524979934E-02
17.58         0.138617693949491
17.59         0.240716803539544
17.6          0.225222723595798
17.61         0.227544342298061
17.62         0.158490845058113
17.63         0.189230443462729
17.64         0.193260399308056
17.65         0.17030481537804
17.66         0.116626434652135
17.67         0.108914066841826
17.68         -6.51853037020192E-02
17.69         -0.143536892523989
17.7          -0.118154111104086
17.71         -7.29713281570002E-02
17.72         -0.124307136135176
17.73         -8.34891032427549E-02
17.74         4.25949149345979E-02
17.75         5.47503580804914E-03
17.76         9.33004513091873E-03
17.77         0.066979256873019
17.78         0.164644162449986
17.79         0.220851984713227
17.8          0.220296279955655
17.81         0.248528793286532
17.82         0.307417801469564
17.83         0.420052899308503
17.84         0.664365174025297
17.85         0.67058982744813
17.86         0.598842262141407
17.87         0.494647145010531
17.88         0.51008598703891
17.89         0.342334303557873
17.9          0.258719028364867
17.91         0.17588965550065
17.92         0.118388273818418
17.93         -0.036870573037304
17.94         -8.46619907487184E-02
17.95         -4.94037189055234E-02
17.96         -0.119079807568341
17.97         -0.261733341123909
17.98         -0.316532952859998
17.99         -0.438153576627374
18            -0.555316027365625
18.01         -0.578227135911584
18.02         -0.589124007001519
18.03         -0.643047249019146
18.04         -0.80354462094605
18.05         -0.736957625448704
18.06         -0.641858071535826
18.07         -0.458462016396225
18.08         -0.342503690086305
18.09         -0.257468400299549
18.1          -0.255674584172666
18.11         -0.268743988238275
18.12         -9.56176811736077E-02
18.13         0.10197660128586
18.14         0.247533944360912
18.15         0.20492097157985
18.16         0.230834351275116
18.17         0.257301846016198
18.18         0.291228341404349
18.19         0.338099238350987
18.2          0.454730871543288
18.21         0.446791047044098
18.22         0.407573844753206
18.23         0.380821554064751
18.24         0.315095341801643
18.25         0.275700091794133
18.26         0.13982952025719
18.27         -1.28308890585322E-02
18.28         -0.113785354793072
18.29         -0.119927909653634
18.3          -0.187257318813354
18.31         -0.154181666392833
18.32         -0.142825871100649
18.33         -9.15411486010999E-02
18.34         -8.92989332601428E-02
18.35         -1.19272201519925E-02
18.36         7.63056343607605E-02
18.37         0.122772589204833
18.38         0.106171284159645
18.39         3.74691726034507E-02
18.4          0.124885224765167
18.41         0.200806267652661
18.42         0.158212517593056
18.43         6.15653427410871E-02
18.44         0.096238043345511
18.45         0.18408522259444
18.46         0.177829944379628
18.47         0.159206197075546
18.48         9.67081686202437E-02
18.49         0.198620943892747
18.5          0.183124305792153
18.51         7.46004812093452E-02
18.52         -7.67203481309116E-02
18.53         -0.136151018617675
18.54         -6.78714369144291E-02
18.55         -4.22062932222616E-03
18.56         3.57861383724958E-02
18.57         1.1264036047578E-04
18.58         -1.88100130995736E-02
18.59         -2.29947557067499E-02
18.6          -1.56279263645411E-02
18.61         -8.96918021980673E-02
18.62         -0.157146296091378
18.63         -0.14104048775509
18.64         -0.143836215147749
18.65         -8.33435349818319E-02
18.66         -7.04497986333445E-02
18.67         -4.27191134495661E-02
18.68         3.18797986046411E-02
18.69         8.14417189545929E-02
18.7          0.101874320693314
18.71         0.110023393286392
18.72         0.131807853011414
18.73         0.144807254942134
18.74         0.180159274097532
18.75         0.16475209839642
18.76         0.180229404140264
18.77         0.22714459374547
18.78         0.18964197780937
18.79         0.127630364606157
18.8          0.14369662201032
18.81         0.184932794775814
18.82         0.135558905806392
18.83         0.136353259189054
18.84         0.122133726077154
18.85         7.40956700686365E-02
18.86         0.105393796339631
18.87         4.74851469509304E-02
18.88         -1.44778016008786E-03
18.89         -9.31451860349625E-02
18.9          -0.131122842561454
18.91         -0.101793619981036
18.92         -0.100211317744106
18.93         -0.10135079389438
18.94         -8.63375286664814E-02
18.95         -3.55037018680014E-02
18.96         -3.89551145536825E-02
18.97         -5.68529071938247E-02
18.98         -1.66514826065395E-02
18.99         4.99182510422543E-03
19            -2.65597642608918E-02
19.01         -3.48145138565451E-02
19.02         -3.11254438315518E-02
19.03         -3.09996236278676E-02
19.04         -5.77152161858976E-02
19.05         -1.11788382183295E-02
19.06         0.018870049843099
19.07         2.58440011111088E-02
19.08         1.45729127875529E-02
19.09         6.10401942534372E-02
19.1          0.11614650615491
19.11         9.24909648299217E-02
19.12         5.03930723620579E-02
19.13         3.50795685988851E-02
19.14         -7.36245032586157E-02
19.15         -0.158527335338295
19.16         -0.228028820659965
19.17         -0.244680850300938
19.18         -0.254204100798816
19.19         -0.28894719639793
19.2          -0.301000993922353
19.21         -0.331563476510346
19.22         -0.285061063785106
19.23         -0.277137081585825
19.24         -0.226920133754611
19.25         -0.202605291455984
19.26         -0.205304731652141
19.27         -0.170894433986396
19.28         -0.160531285777688
19.29         -0.114684519516304
19.3          -7.83268889039755E-02
19.31         -5.23987723980099E-02
19.32         -0.035973324647639
19.33         -3.18473305692896E-02
19.34         -2.63332583155716E-03
19.35         0.029421910084784
19.36         4.70112529629841E-02
19.37         0.067711273455061
19.38         8.23992461990565E-02
19.39         8.43015464488417E-02
19.4          9.00712225399911E-02
19.41         0.063416735669598
19.42         7.79160306416452E-02
19.43         8.96015814878047E-02
19.44         6.95247325720266E-02
19.45         3.93716966919601E-02
19.46         2.98057683720253E-02
19.47         3.74847088381648E-02
19.48         -2.23987702571321E-03
19.49         -2.98543824884109E-02
19.5          -4.68015434872359E-02
19.51         -2.91826630337164E-02
19.52         -3.49111939128488E-02
19.53         -0.051472948025912
19.54         -5.06473257439211E-02
19.55         -5.18739299755544E-02
19.56         -3.92644551023841E-02
19.57         -2.87626730650663E-02
19.58         -1.90926585963462E-02
19.59         -5.05371080129407E-03
19.6          -1.25256895262282E-03
19.61         2.46270699100569E-02
19.62         3.50341498944908E-02
19.63         2.44826619559899E-02
19.64         3.01024803053588E-02
19.65         4.24116915185005E-02
19.66         3.87172790570185E-02
19.67         4.30150510836393E-02
19.68         3.39592489320785E-02
19.69         2.07534402888268E-02
19.7          1.68120440648636E-03
19.71         1.55778318861849E-03
19.72         1.39273927418981E-02
19.73         6.04014807322528E-03
19.74         -6.13456861465238E-03
19.75         -1.57631831977051E-02
19.76         -2.26891016447917E-02
19.77         -2.67852589348331E-02
19.78         -2.76519030891359E-02
19.79         -1.65361759706866E-02
19.8          1.07035309629282E-03
19.81         -3.9380706200609E-03
19.82         1.17603131227952E-03
19.83         6.77554222173058E-03
19.84         1.54844537365716E-02
19.85         0.025848233490251
19.86         3.07274882728234E-02
19.87         0.030958007897716
19.88         2.72707696957514E-02
19.89         3.03380659944378E-02
19.9          2.97216347046196E-02
19.91         2.66692122607492E-02
19.92         2.22856414807029E-02
19.93         2.11775370128453E-02
19.94         2.43797486764379E-02
19.95         2.33009236841463E-02
19.96         2.04779496369883E-02
19.97         0.020026485202834
19.98         1.89311852236278E-02
19.99         1.69751408393495E-02
20            1.47103314916603E-02
