Horizontal-Spectrum-NTC - Comune Mercato San Severino (SA) - SLV q=1 VR=50 Suolo=C Topo=T1 h/H=1 (4)
Time (s)      Acc. (m/s^2)
0             9.8543216753751E-03
0.01          1.51273201941513E-02
0.02          1.95667387358844E-02
0.03          2.43035727040842E-02
0.04          2.63571924995631E-02
0.05          2.42655566660687E-02
0.06          0.020712128339801
0.07          -1.05481703288388E-02
0.08          -3.17689436185174E-02
0.09          -4.16446738690138E-02
9.999999E-02  -4.69424202712253E-02
0.11          -2.90986481378786E-02
0.12          -4.40132027724758E-02
0.13          -6.48025805968791E-02
0.14          -3.41443407163024E-02
0.15          -5.40307257184759E-02
0.16          -6.09784421743825E-02
0.17          -0.010468699587509
0.18          -1.16235463775229E-02
0.19          6.96421485452447E-03
0.2           2.85561156040058E-02
0.21          5.3510965348687E-03
0.22          3.51891627791338E-02
0.23          2.06210648082197E-02
0.24          8.37093422748148E-02
0.25          0.102313035456464
0.26          9.99400526192039E-02
0.27          0.100778643842787
0.28          0.161546161416918
0.29          0.17774746209383
0.3           0.152526895226911
0.31          0.148803552752361
0.32          9.91087704151869E-02
0.33          7.00469574518502E-02
0.34          0.105413448465988
0.35          0.109081808840856
0.36          0.11274392914027
0.37          0.11932521703653
0.38          3.39860296365805E-02
0.39          -2.48887333815219E-03
0.4           -0.115977046536282
0.41          -0.227257700823247
0.42          -0.362076184675098
0.43          -0.45686525143683
0.44          -0.45154556427151
0.45          -0.416628367826343
0.46          -0.460852358154953
0.47          -0.427098976895213
0.48          -0.434050037227571
0.49          -0.417110068760812
0.5           -0.308429150506854
0.51          -0.177305905949324
0.52          -5.67879848275334E-02
0.53          1.21286441688426E-02
0.54          4.89776944275945E-02
0.55          0.127334276223555
0.56          0.173500976543874
0.57          0.186999346967787
0.58          0.266288888566196
0.59          0.33959930498153
0.6           0.218827916197479
0.61          0.238268227167428
0.62          0.298171562813222
0.63          0.297479033209384
0.64          0.145316931148991
0.65          0.14928232094273
0.66          0.116681508114561
0.67          0.18370615856722
0.68          0.357303687259555
0.69          0.43103217959404
0.7           0.46168624419719
0.71          0.424319100938737
0.72          0.35749708391726
0.73          0.122791930697858
0.74          8.22434635832906E-02
0.75          0.193114365097135
0.76          0.100674736993387
0.77          0.109351045712829
0.78          0.107209301982075
0.79          6.82923268061131E-02
0.8           -0.19318310642615
0.81          -0.430767008364201
0.82          -0.374987056106329
0.83          -0.503974879235029
0.84          -0.569594781808555
0.85          -0.38711052685976
0.86          -0.268221247158945
0.87          -5.90343389008194E-02
0.88          -8.63502189517021E-02
0.89          4.71832187758991E-03
0.9           6.58617625990883E-02
0.91          3.88495449023321E-02
0.92          0.440976319983602
0.93          0.51668705496937
0.94          0.719899981766939
0.95          0.907407908588648
0.96          1.05109358534217
0.97          1.13270500145853
0.98          0.903540121614933
0.9899999     0.595017561838031
1             0.38665305532515
1.01          0.451121348775923
1.02          0.157941992506385
1.03          2.29994837287813E-02
1.04          -7.18949151411653E-02
1.05          -0.431722370311618
1.06          -0.531083155721426
1.07          -0.781078083515167
1.08          -0.924778963029385
1.09          -0.550986310355365
1.1           -0.408871232271194
1.11          -0.300084296688438
1.12          -0.121943042892963
1.13          -0.167717111818492
1.14          -0.402728732228279
1.15          -6.14690144313499E-02
1.16          0.15411307124421
1.17          0.233681689482182
1.18          0.386346770860255
1.19          0.415562858954072
1.2           0.703713646307588
1.21          0.749563564583659
1.22          0.397481331266463
1.23          4.60725053306669E-02
1.24          -0.155326880123466
1.25          -0.216365982592106
1.26          -0.2234148558788
1.27          -0.192963616568595
1.28          -0.125237327646464
1.29          -5.80057497136295E-02
1.3           0.221582356765866
1.31          -0.104131894111633
1.32          -7.97850200347602E-02
1.33          -0.112275759028271
1.34          -1.45842908753548E-02
1.35          4.40751101681963E-02
1.36          -9.12874159868807E-02
1.37          0.161346698272973
1.38          -0.18150091772899
1.39          -0.201644922830164
1.4           -0.196142053361982
1.41          -0.231590176988393
1.42          -0.646704316958785
1.43          -0.648345557302237
1.44          -0.408705134801567
1.45          -0.530886762365699
1.46          -0.458308015353978
1.47          -0.646925122439861
1.48          -0.828579474762082
1.49          -0.780728127658367
1.5           -0.859529225751758
1.51          -0.419288850948215
1.52          -0.133946070140228
1.53          -0.107211010465398
1.54          0.261772901192308
1.55          0.279938208516687
1.56          0.300386378467083
1.57          0.8635042360425
1.58          0.919065136983991
1.59          0.930244063138962
1.6           0.953273979797959
1.61          0.881770718470216
1.62          0.61166443862021
1.63          0.558235688321292
1.64          0.380848707072437
1.65          0.117002072576433
1.66          0.19754443494603
1.67          0.284301455654204
1.68          0.675741370618343
1.69          1.00726110264659
1.7           1.30456365957856
1.71          1.19131741806865
1.72          0.598924050070345
1.73          0.698486308604479
1.74          0.70174963966012
1.75          0.161859626993537
1.76          -0.254565952084959
1.77          -0.335073377341032
1.78          -0.666467174962163
1.79          -1.28703531503677
1.8           -1.66826865926385
1.81          -1.88375478208065
1.82          -1.90487156286836
1.83          -2.01328288793564
1.84          -1.90132025644183
1.85          -1.79938589215279
1.86          -1.22110057644546
1.87          -1.10398252800107
1.88          -0.769894333407283
1.89          -0.212719859909266
1.9           -0.230692739021033
1.91          -0.317051162347198
1.92          0.280073279198259
1.93          0.86225161626935
1.94          0.886243619173765
1.95          0.364533550143242
1.96          0.544774264991283
1.97          0.265479396376759
1.98          0.275489263124764
1.99          0.10011551477015
2             4.55842810962349E-02
2.01          5.31549270171672E-02
2.02          0.256852889489383
2.03          0.354554472640157
2.04          0.321668818183243
2.05          -0.32769218120724
2.06          -0.596491352543235
2.07          -0.434878295324743
2.08          -0.42136578194797
2.09          -0.629094184488058
2.1           -0.393210232593119
2.11          -0.540117761716247
2.12          -0.705252779647708
2.13          -0.513409982956946
2.14          -0.773142900243402
2.15          -0.488666722476482
2.16          -0.228340184893459
2.17          -0.236768471170217
2.18          -0.365255133099854
2.19          -0.164479764327407
2.2           -0.253076319079846
2.21          -0.514039216451347
2.22          -0.653835727348924
2.23          -0.861376507356763
2.24          -1.27262134373188
2.25          -0.588279522880912
2.26          -0.365310754738748
2.27          0.625832022875547
2.28          0.741658640652895
2.29          0.597207344099879
2.3           0.390410439558327
2.31          8.64999533537775E-02
2.32          -0.19822669537738
2.33          -0.179359411541373
2.34          -0.43267024051398
2.35          -7.54750876268372E-02
2.36          7.15771372430027E-02
2.37          0.163584975879639
2.38          8.32566650002264E-03
2.39          0.106253684218973
2.4           0.420682352073491
2.41          2.65045697428286E-02
2.42          0.139885388575494
2.43          0.337254717685282
2.44          -0.203590419385582
2.45          -0.243280003610998
2.46          1.28095729881898E-02
2.47          0.268371374420822
2.48          0.697254446446896
2.49          0.69962432295084
2.5           0.887134369388223
2.51          1.02451082736254
2.52          1.25744577258825
2.53          1.388303681463
2.54          1.15849568098784
2.55          0.577949977889657
2.56          9.51256288401783E-02
2.57          0.200744743980467
2.58          -7.37447137897834E-02
2.59          4.83631931757554E-02
2.6           0.28429242901504
2.61          9.40428706817329E-02
2.62          -5.66595425130799E-02
2.63          -0.189919866733253
2.64          0.183691193349659
2.65          0.466385505236685
2.66          0.553879074119031
2.67          0.965124824121595
2.68          0.73145276427269
2.69          0.980573387145996
2.7           0.709696225002408
2.71          0.466329920142889
2.72          0.251406664922833
2.73          -0.100828957306221
2.74          -0.590433344766498
2.75          -0.66825722694397
2.76          -0.612020168602467
2.77          -1.223140816167
2.78          -1.46090665787458
2.79          -1.20273812659085
2.8           -1.19217535078526
2.81          -1.31352787971497
2.82          -0.746468852609396
2.83          -0.389435452893376
2.84          -0.189811875969172
2.85          3.05384587543085E-02
2.86          9.81970250420272E-02
2.87          0.15176011512056
2.88          -0.144787118593231
2.89          -0.340015736371279
2.9           -0.545211965627968
2.91          -0.390092716477811
2.92          -0.451760157085955
2.93          -0.107944242171943
2.94          0.126616795454174
2.95          -0.536172097139061
2.96          -0.820533340573311
2.97          -0.751924743354321
2.98          -0.760186785981059
2.99          -0.733683184683323
3             -0.510575545169413
3.01          -0.462749523818493
3.02          -0.388758454956114
3.03          -0.339689059741795
3.04          -7.31543505750597E-02
3.05          -2.87708614510484E-02
3.06          -0.337831582054496
3.07          -0.434719360694289
3.08          -8.92358016036451E-02
3.09          -0.658085045143962
3.1           -0.41571196295321
3.11          -0.126353551978245
3.12          -0.102774335090071
3.13          8.92816200200468E-02
3.14          0.204517404064536
3.15          0.575942409485579
3.16          0.639878204315901
3.17          0.322472481429577
3.18          0.429479086026549
3.19          0.794015779048204
3.2           0.783317201659083
3.21          1.02186890915036
3.22          1.07069294057786
3.23          1.50013913601637
3.24          1.68659207895398
3.25          1.64459679141641
3.26          1.88350101292133
3.27          1.73952297538519
3.28          1.78323778286576
3.29          1.94830102622509
3.3           1.67918979629874
3.31          1.3731715258956
3.32          1.53829528793693
3.33          1.65970336541533
3.34          1.2305453646183
3.35          0.542466515153647
3.36          0.549986948110163
3.37          0.248623682633042
3.38          -0.413798863627017
3.39          -0.14244621321559
3.4           0.151069001639262
3.41          -0.322767400369048
3.42          -0.40369176864624
3.43          -1.75688936118968E-02
3.44          4.35194830689579E-02
3.45          0.144851282648742
3.46          0.453911530449987
3.47          0.384585881866515
3.48          8.90841485839337E-02
3.49          0.644211575835943
3.5           0.855444507077336
3.51          0.863125555738807
3.52          0.242468830347061
3.53          0.162169401515275
3.54          0.058194911708124
3.55          -0.487693124525249
3.56          -0.400639010444284
3.57          -0.432865829877555
3.58          -0.478186355866492
3.59          -0.365966921970248
3.6           1.06671645934694E-02
3.61          1.49734093726147E-02
3.62          0.338954795636237
3.63          0.980489918142557
3.64          1.00970845475793
3.65          1.02197437830269
3.66          0.98137789092958
3.67          1.00805274255574
3.68          0.784709204435349
3.69          0.643766529634595
3.7           0.275277265012264
3.71          0.326794377788901
3.72          0.396504444256425
3.73          0.336943791992962
3.74          0.398484969288111
3.75          0.339108467772603
3.76          0.216191370114684
3.77          0.119264415130019
3.78          -0.31818259857595
3.79          -0.656425605341792
3.8           -0.512077767960727
3.81          -0.718114534467459
3.82          -0.710779567882419
3.83          -0.201314244512469
3.84          -0.212286069598049
3.85          -0.780804726183414
3.86          -0.617840267792344
3.87          -0.604840884134173
3.88          -0.438113011568785
3.89          -0.570258550420404
3.9           -0.614001205265522
3.91          -0.561325685977936
3.92          -1.02953775174916
3.93          -1.57445052266121
3.94          -1.45501105651259
3.95          -1.67064774513245
3.96          -1.48229007169604
3.97          -1.54863418847322
3.98          -1.37747303009033
3.99          -0.960715146437287
4             -0.443682667203248
4.01          -2.68850795854814E-02
4.02          7.62540875002742E-02
4.03          3.65585898212157E-02
4.04          -8.49135032482445E-02
4.05          0.121366416066885
4.06          0.244997513573617
4.07          0.294203349910676
4.08          0.773009218275547
4.09          1.03720220893621
4.1           0.877697036415339
4.11          0.705966066867113
4.12          0.799065361395478
4.13          0.715176235511899
4.14          0.388862718120217
4.15          0.322930208779872
4.16          0.373941354677081
4.17          -0.253423771597445
4.18          -0.15850149795413
4.19          -6.31338400673121E-02
4.2           -0.123974155476317
4.21          4.23452936438844E-02
4.22          0.143812734922394
4.23          -0.133670209469274
4.24          -0.267383688334376
4.25          7.76543129235506E-02
4.26          -0.132611269578338
4.27          -3.66730741923675E-02
4.28          0.190511276051402
4.29          -0.403185070864856
4.3           -0.477310516051948
4.31          -0.207513827998191
4.32          -0.289048353228718
4.33          -0.436692576706409
4.34          -0.740732441693544
4.35          -1.04943319536746
4.36          -1.15643936142325
4.37          -1.24253508031368
4.38          -0.990301326736808
4.39          -0.664431978464127
4.4           -0.816800697371364
4.41          -0.641553577780724
4.42          -0.715159936398268
4.43          -0.845393801182509
4.44          -0.632112297937274
4.45          -0.991000434458256
4.46          -1.09098599486053
4.47          -0.852164657637477
4.48          -0.787126881927252
4.49          -0.426281865052879
4.5           0.432104887850583
4.51          0.999964727684856
4.52          0.819379392564297
4.53          0.855586375147104
4.54          0.408105649016798
4.55          0.339049739800394
4.56          0.472508015111089
4.57          0.245051344502717
4.58          5.11161536676809E-02
4.59          0.31696984950453
4.6           0.273863097634167
4.61          0.325476525016129
4.62          0.463344916552305
4.63          -0.081090986514464
4.64          0.107288358164951
4.65          3.63867844641209E-02
4.66          -0.243621828183532
4.67          -0.116749217044562
4.68          -0.160794099848717
4.69          -0.4490085304901
4.7           -0.678367720618844
4.71          -0.289333185721189
4.72          -0.652190393954516
4.73          -0.99956455886364
4.74          -0.682318026423454
4.75          -0.658189417943359
4.76          -0.987880652546883
4.77          -0.688566945791245
4.78          -0.414728351645172
4.79          4.75376633985434E-03
4.8           0.335532749220729
4.81          0.582019128352404
4.82          0.910683518797159
4.83          0.877000706121326
4.84          0.481730901449919
4.85          0.476383111104369
4.86          0.376255572997034
4.87          0.21791699308902
4.88          0.271870055906475
4.89          0.244180858545005
4.9           -5.04773864708841E-02
4.91          -6.43424778152257E-02
4.92          4.09243425820023E-02
4.93          0.325947006605566
4.94          0.574079852029681
4.95          9.98211257345974E-02
4.96          -2.31780430767685E-02
4.97          0.237663625068963
4.98          2.26655483292416E-02
4.99          0.332401053607464
5             0.75104919590056
5.01          0.811448229253292
5.02          0.559623671136796
5.03          0.856712329611182
5.04          1.15684106513858
5.05          1.67668470293283
5.06          1.3979074408114
5.07          0.69147688575089
5.08          0.582124962955713
5.09          0.488903607800603
5.1           0.710104945376515
5.11          0.594408720508218
5.12          -3.64287108276039E-02
5.13          0.089366112286225
5.14          -0.609086035788059
5.15          -0.580623580701649
5.16          -1.24224895960651E-02
5.17          -0.191789696663618
5.18          -0.635778429061174
5.19          -0.466776683963835
5.2           -0.727808706387878
5.21          -0.756840936094523
5.22          -0.520032100863755
5.23          -0.691302127093077
5.24          -0.868788876459002
5.25          -0.855579650849104
5.26          -0.915946889966726
5.27          -0.635763664841652
5.28          -0.470902296602726
5.29          -0.850719372108579
5.3           -0.729677695780993
5.31          -1.07755296707153
5.32          -1.09040573179722
5.33          -0.851201328858733
5.34          -0.774631674438715
5.35          -0.542210991829634
5.36          -0.441957519315183
5.37          -0.390498951785266
5.38          -9.49664109852165E-02
5.39          -0.294999539684504
5.4           -0.325427335314453
5.41          -0.082060217326507
5.42          -0.416589447297156
5.43          -0.555488556772471
5.44          -0.365270957127213
5.45          7.30828592274338E-02
5.46          0.33386336915195
5.47          0.120326479626819
5.48          0.664192388802767
5.49          1.01615194022655
5.5           0.70175132073462
5.51          0.870659254565835
5.52          0.7002996763587
5.53          0.518095576129854
5.54          0.739986848607659
5.55          0.818729401454329
5.56          0.883009743466973
5.57          0.911123448684812
5.58          0.722532836794853
5.59          0.718210794255137
5.6           0.257730885464698
5.61          -7.29685187526047E-02
5.62          -0.497797844074667
5.63          -1.02844498023391
5.64          -0.986298688352108
5.65          -1.05827235817909
5.66          -0.968399337977171
5.67          -0.651094041019678
5.68          8.48047267645597E-02
5.69          0.274498836155981
5.7           0.042420019232668
5.71          0.307633965723217
5.72          -0.199581001885235
5.73          0.16096617244184
5.74          0.318118425384164
5.75          0.149723685225472
5.76          0.377870720140636
5.77          6.94048874918372E-02
5.78          -8.69678767863661E-02
5.79          0.315777711868286
5.8           0.573223929293454
5.81          0.613273080736399
5.82          0.379716905392706
5.83          0.447584331482649
5.84          9.50084926653653E-02
5.85          0.370063883252442
5.86          0.524265375360847
5.87          -2.02299568871968E-02
5.88          -0.327863833531737
5.89          -0.646512455195189
5.9           -0.439538233838975
5.91          -0.905417370200157
5.92          -1.09795302540064
5.93          -0.953066549822688
5.94          -1.60722825944424
5.95          -1.25480531617999
5.96          -0.922617028132081
5.97          -0.785497993826866
5.98          -0.51882212921977
5.99          -9.72640378307551E-02
6             6.72145479172468E-02
6.01          -4.15207083290443E-02
6.02          0.463461166508496
6.03          0.27134283805266
6.04          0.316788914725184
6.05          -2.50517445034348E-02
6.06          0.276558828502893
6.07          0.483787586465478
6.08          0.677879185751081
6.09          1.24924417555332
6.1           1.28715182080865
6.11          1.13370034374297
6.12          1.24273227766156
6.13          1.07452323228121
6.14          0.175834874399006
6.15          -0.368364134207368
6.16          -0.470544593185186
6.17          -0.301825670599937
6.18          -0.118864803621545
6.19          0.416988812126219
6.2           0.110861427197233
6.21          0.257043746262789
6.22          0.553748900480568
6.23          0.711770159304142
6.24          0.416331548541784
6.25          0.439367933683097
6.26          0.24360772177577
6.27          -0.226130814459175
6.28          2.73865696904249E-02
6.29          0.733203639909625
6.3           0.703723732754588
6.31          0.354528013989329
6.32          0.403805387355387
6.33          0.768710052967072
6.34          0.814875136166811
6.35          0.892945917025209
6.36          0.723678379431367
6.37          0.307051473408937
6.38          0.246685147918761
6.39          -6.66940634977072E-02
6.4           -7.61209628451616E-02
6.41          0.433954581432045
6.42          -0.250179041996598
6.43          -0.137845002673566
6.44          0.413405126743019
6.45          0.391582404300571
6.46          0.710013071000576
6.47          0.564353520423174
6.48          0.441658324599266
6.49          0.214622050523758
6.5           0.42070541203022
6.51          0.515266693197191
6.52          0.490765690170229
6.53          -0.165552728399634
6.54          -0.529489058554173
6.55          -0.578089397437871
6.56          -0.733667981922627
6.57          -0.363626354634762
6.58          -0.667381094768643
6.59          -0.953693882972002
6.6           -0.460319786444306
6.61          -0.181305145639926
6.62          -0.141382275782526
6.63          -0.222606240771711
6.64          -0.679134656041861
6.65          -0.86554155215621
6.66          -1.17937119103968
6.67          -1.00731336213648
6.68          -0.750329915285111
6.69          -0.856072644218802
6.7           -0.947631343603134
6.71          -0.310061181485653
6.72          -0.204315839577466
6.73          -0.33747515771538
6.74          -0.249952572025359
6.75          -0.235273685306311
6.76          -0.137442632010207
6.77          2.43584314640611E-02
6.78          -0.128234318029135
6.79          -0.3499386806041
6.8           -0.235817056093365
6.81          -0.260993576981127
6.82          0.100395386265591
6.83          0.692081268578768
6.84          0.871850917115808
6.85          1.09449081592262
6.86          1.39177648901939
6.87          1.14813624210656
6.88          1.046385480389
6.89          0.835929863378406
6.9           0.325443817153573
6.91          -1.07202589104418E-02
6.92          -2.50535146566108E-02
6.93          -0.448035078719258
6.94          0.199133598525077
6.95          0.292990911472589
6.96          -0.133902225159109
6.97          6.15293915010989E-02
6.98          -0.100757246688008
6.99          0.318182488940656
7             0.655979316607118
7.01          0.551520234234631
7.02          0.890290111675859
7.03          1.26314490750432
7.04          1.30997876599431
7.05          1.31473240613937
7.06          1.2669947142899
7.07          0.615543627664447
7.08          0.402143864482641
7.09          0.254422037489712
7.1           -0.015427272078814
7.11          4.80974463606253E-02
7.12          -0.120628004092723
7.13          -0.255146324783564
7.14          -3.39937726291828E-02
7.15          -0.041285467534326
7.16          2.94630393083207E-02
7.17          -0.163830887842923
7.18          -0.398492132127285
7.19          -0.67819617792964
7.2           -1.05278123795986
7.21          -1.29417841985822
7.22          -1.51969397932291
7.23          -1.5574070584774
7.24          -1.05969571664929
7.25          -0.674000362157822
7.26          -0.870977416187525
7.27          -1.298469106704
7.28          -1.67019107758999
7.29          -1.80444870382547
7.3           -1.72585964038968
7.31          -1.16061164215207
7.32          -1.55633745655417
7.33          -1.30262925446033
7.34          -0.541974471956492
7.35          -0.164217973519117
7.36          0.245637966413051
7.37          0.308721986375749
7.38          -2.53202002239414E-02
7.39          -0.262705276273191
7.4           -0.913883188292384
7.41          -0.661403559297323
7.42          -0.113072707112879
7.43          -0.113352843560278
7.44          -0.272460935320705
7.45          -0.156464985832572
7.46          0.181612855363637
7.47          -0.173129696622491
7.48          9.53187422733754E-02
7.49          6.79142677690834E-02
7.5           -0.192993437368423
7.51          9.68990345299244E-02
7.52          -8.40605843477533E-04
7.53          0.25880529306829
7.54          0.602100111432374
7.55          0.731818726882339
7.56          0.485219057947397
7.57          0.351928634271026
7.58          0.101683884188533
7.59          -0.210786021240056
7.6           -0.640411104932427
7.61          -0.168298325054348
7.62          -0.223394555076957
7.63          -6.93958928296343E-02
7.64          5.88947229227051E-02
7.65          0.242202782034874
7.66          0.15435081537813
7.67          0.097599174650386
7.68          0.473670149222016
7.69          0.548935838006437
7.7           0.375053312368691
7.71          0.146575279366225
7.72          -1.25357097352389E-02
7.73          1.30198491984629E-03
7.74          -4.62772949226201E-02
7.75          0.306428123675287
7.76          5.18636516667903E-02
7.77          -0.367066892869771
7.78          -0.344871556609869
7.79          -0.293573586512357
7.8           -0.2062795721367
7.81          -0.209822345282882
7.82          -0.484313251152635
7.83          -0.199469009432942
7.84          -0.098914003316313
7.85          -9.79549411777407E-02
7.86          0.12873226325959
7.87          -0.207442820873112
7.88          -0.229997340627015
7.89          0.16263081992045
7.9           0.167421059980989
7.91          0.400994009524584
7.92          0.484959551207721
7.93          0.37353252466768
7.94          0.686923074200749
7.95          1.12260788328946
7.96          1.17476292729378
7.97          0.88801839530468
7.98          0.775721303075552
7.99          0.585715628452599
8             0.416820960491896
8.01          0.415989267155528
8.02          0.424668289348483
8.03          0.365076171755791
8.04          0.304275763593614
8.05          0.406722965240479
8.059999      0.620281334146857
8.07          1.35548632979393
8.08          1.50737082615495
8.09          1.77384759306908
8.099999      1.98919089764357
8.11          1.73774308294058
8.12          1.86693468153477
8.13          1.94101013302803
8.139999      1.90673697084188
8.15          0.949113978222013
8.16          0.500104022473097
8.17          0.245918742399663
8.179999      -0.240780117921531
8.19          -0.208818487990648
8.2           -0.602419405952096
8.21          -0.661128813251853
8.22          -0.637356373295188
8.23          -0.608005945421755
8.24          -0.88771419391036
8.25          -1.07268808364868
8.26          -1.21659412734211
8.27          -1.15178461231291
8.28          -1.13957116752863
8.29          -0.848156025856733
8.3           -0.414983217157424
8.309999      -0.262459291219711
8.32          7.18321626400575E-02
8.33          0.408519266434014
8.34          0.213039154428989
8.349999      -0.339302120245993
8.36          -0.463798879757524
8.37          -0.320301446802914
8.38          -0.776183744743466
8.389999      -0.755660090893507
8.4           -0.69789522819221
8.41          -1.1111545034498
8.42          -0.827688505277038
8.429999      -0.559403742738068
8.44          -0.382610911689699
8.45          -0.298830014113337
8.46          -0.355053093954921
8.47          -0.36693313781172
8.48          -0.538527538329363
8.49          -0.744669079631567
8.5           -0.565007750764489
8.51          -0.271301870997995
8.52          -6.22209183988161E-03
8.53          -0.193240683227777
8.54          0.117329032430425
8.55          0.761437066867948
8.559999      1.32773632138968
8.57          1.19144371792674
8.58          1.32146518260241
8.59          1.34738033473492
8.599999      1.65710822492838
8.61          1.82615824609995
8.62          1.7298098731041
8.63          1.80546407282352
8.639999      1.68368937492371
8.65          1.28965194404125
8.66          0.934543740078807
8.67          0.522302172705531
8.679999      0.138955169655383
8.69          -0.19482739828527
8.7           -0.145723148183897
8.71          -0.508804167732596
8.72          -0.15226881374605
8.73          0.1266727277264
8.74          -3.34243132104166E-02
8.75          -0.190761957149953
8.76          -0.472566414177418
8.77          -0.739832920655608
8.78          -0.81271904848516
8.79          -0.793354312777519
8.8           -1.05121067583561
8.809999      -0.850239388793707
8.82          -0.353628456406295
8.83          -0.184705959353596
8.84          4.22341006156057E-02
8.849999      -5.90535798948258E-02
8.86          -0.101508166221902
8.87          -0.107082316903397
8.88          -0.357671952210367
8.889999      -0.361082706190646
8.9           -0.171744363326579
8.91          -8.12717020232231E-02
8.92          0.158484102487564
8.929999      0.10619552269578
8.94          -3.92082350375131E-02
8.95          7.88886236026883E-02
8.96          0.250408983752132
8.97          5.29240031121299E-02
8.98          -0.2808549422957
8.99          -0.33911256082356
9             -0.463765112087131
9.01          -0.9811739692837
9.02          -0.877984865605831
9.03          -1.18638456076384
9.04          -1.33155543029308
9.05          -1.37750811338425
9.059999      -1.20873788148165
9.07          -1.14094467848539
9.08          -1.52929890811443
9.09          -1.36462158098817
9.099999      -1.2310350689292
9.11          -1.37665149629116
9.12          -1.38565196916461
9.13          -1.0683419213444
9.139999      -1.10169129654765
9.15          -0.856227229982615
9.16          -0.641294911578298
9.17          -0.6259253590554
9.179999      -0.627103646099567
9.19          -0.916591326221824
9.2           -1.05004583738744
9.21          -0.737388345971704
9.22          -0.35177898209542
9.23          -0.597136556245387
9.24          -0.548249228708446
9.25          1.95742167765275E-03
9.26          8.90704898536205E-02
9.27          0.120522827301174
9.28          0.538548990301788
9.29          0.860345497056842
9.3           0.879991703107953
9.309999      0.989099797010422
9.32          1.25061607852578
9.33          1.23759871467948
9.34          1.01001448340714
9.349999      0.902999546527863
9.36          0.942046667933464
9.37          0.805315961837769
9.38          1.03750005148351
9.389999      1.33200420409441
9.4           1.13233231455088
9.41          0.44215694591403
9.42          0.371168751195073
9.429999      1.73729113885202E-02
9.44          -5.84348302753642E-02
9.45          -2.99325164785842E-03
9.46          -0.155220405980945
9.469999      -0.267059186138213
9.48          -0.251587453521788
9.49          -0.445339914299548
9.5           5.66437595989555E-02
9.51          -0.447504188083112
9.52          -1.28072426900268
9.53          -1.11886836960912
9.54          -0.809991614744067
9.55          -0.378631589077413
9.559999      -0.46202728305012
9.57          -0.446649763695896
9.58          -0.376528126336634
9.59          -0.207709472179413
9.599999      -4.92872028553393E-03
9.61          -9.74068926181644E-02
9.62          -5.08841425459832E-02
9.63          -6.58696654764935E-02
9.639999      -0.157348883841187
9.65          -0.172581026796252
9.66          0.351242024973035
9.67          0.581254970356822
9.679999      0.642914444133639
9.69          0.542369853369892
9.7           0.870827288925648
9.71          0.895801697149873
9.719999      0.967417444288731
9.73          1.27599182501435
9.74          1.25457449734211
9.75          0.897189679965377
9.76          0.503990191631019
9.77          0.325955192707479
9.78          6.68063894240186E-02
9.79          -0.150603937860578
9.8           -0.759536283239722
9.809999      -1.19503515087068
9.82          -0.750858576670289
9.83          -7.90128312539309E-02
9.84          -0.129185093566775
9.849999      -1.78368822403718E-02
9.86          0.282225036285818
9.87          0.519453226514161
9.88          0.347055674381554
9.889999      0.959316565543413
9.9           1.05466572247446
9.91          0.529833349920809
9.92          0.323149333186448
9.929999      0.704727407321334
9.94          0.857851221039891
9.95          0.909601052999496
9.96          1.01748569011688
9.969999      0.636800741627812
9.98          0.428353423923254
9.99          5.83988013770431E-02
10            2.45288435393013E-02
10.01         0.154345954880118
10.02         1.22685593599454E-02
10.03         -0.064585516420193
10.04         0.121745288232341
10.05         3.52344010421075E-02
10.06         -5.48495232034475E-02
10.07         -9.36714811250568E-03
10.08         -0.623977139890194
10.09         -0.709763979613781
10.1          -1.10461841270328
10.11         -1.04867853909731
10.12         -0.432856072336435
10.13         -0.744474221169949
10.14         -0.691680661216378
10.15         -0.397933942303062
10.16         -0.467512702234089
10.17         -0.698046890348196
10.18         -0.423443772755563
10.19         2.00010269740596E-02
10.2          0.256492554824799
10.21         0.623735284432769
10.22         1.28725633978844
10.23         1.3874608053267
10.24         1.30997014135122
10.25         0.998986049965024
10.26         1.33211559355259
10.27         1.29018301740289
10.28         0.686704022884369
10.29         0.828796187192202
10.3          0.441223620660603
10.31         -8.50044365879148E-02
10.32         0.22301795784384
10.33         0.13471492418088
10.34         -0.383963518850505
10.35         -0.693104312047362
10.36         9.47522018942982E-02
10.37         0.402313433736563
10.38         0.336120832934976
10.39         0.603961133994162
10.4          1.18650435559452
10.41         0.693422400578857
10.42         0.793537549898028
10.43         0.667709196656942
10.44         0.405073867700994
10.45         1.38951222784817E-02
10.46         0.181192166469991
10.47         -0.135154296755791
10.48         -0.154345388431102
10.49         2.97910749586299E-02
10.5          0.202120721731335
10.51         -0.164552013985813
10.52         -0.274679533392191
10.53         7.15241651237011E-02
10.54         -0.128198732240126
10.55         0.254726988058537
10.56         0.272056307997555
10.57         -0.174986680950969
10.58         -0.519987479299307
10.59         -0.686634367927909
10.6          -0.703241045102477
10.61         -0.852735565155745
10.62         -0.665468324348331
10.63         -1.68036406338215
10.64         -1.53012453496456
10.65         -0.883208694979548
10.66         -1.5420173330605
10.67         -0.742418924868107
10.68         -0.43859613776207
10.69         -0.386213308162987
10.7          1.40728228166699E-02
10.71         -7.42320335330442E-02
10.72         4.46416916605085E-02
10.73         0.291693450864404
10.74         0.334129965640604
10.75         0.188294103238732
10.76         0.186110533643514
10.77         0.267271074615419
10.78         0.574231404550374
10.79         0.510806071646512
10.8          -3.41255656722933E-02
10.81         -0.387122623287141
10.82         -1.08113599464297
10.83         -1.0662102457881
10.84         -0.936624910309911
10.85         -1.25970075130463
10.86         -0.637231242880225
10.87         -0.382553389705718
10.88         -0.174446617495269
10.89         0.24646021284163
10.9          0.4405977858603
10.91         0.25307440046221
10.92         0.378308786228299
10.93         0.340204747617245
10.94         0.695028119087219
10.95         0.544806753583252
10.96         0.337038882337511
10.97         0.308907196931541
10.98         0.22904647372663
10.99         0.02902838105103
11            -0.129796310327947
11.01         0.460443455055356
11.02         0.390848834551871
11.03         0.559902692958713
11.04         0.592477129362524
11.05         0.406902474761009
11.06         -0.270016835723072
11.07         -0.642032903283834
11.08         -0.532439271211624
11.09         -0.565286297500134
11.1          -0.889328025430441
11.11         -0.774366868659854
11.12         -0.418131138794124
11.13         -0.259088700301945
11.14         -0.325710559822619
11.15         -0.371315735578537
11.16         -0.549309950172901
11.17         -0.61037951298058
11.18         -0.511977597847581
11.19         -0.276053044348955
11.2          9.36447301134467E-02
11.21         9.28835870884359E-02
11.22         0.45747515257448
11.23         0.345384467057884
11.24         0.327814607284963
11.25         0.198776406738907
11.26         -0.234032814782113
11.27         0.310881399661303
11.28         0.434436136186123
11.29         0.746525205150247
11.3          1.08155823670328
11.31         1.13705437973142
11.32         0.99563376814127
11.33         1.31576546296477
11.34         1.0885015129298
11.35         0.411211178340018
11.36         9.21859320346266E-02
11.37         0.211510472986847
11.38         -0.18147400226444
11.39         -0.349038245938718
11.4          -0.520732451118529
11.41         -0.344981959350407
11.42         -0.303697949051857
11.43         -0.350873942747712
11.44         -0.173414255026728
11.45         -0.585664501860738
11.46         -0.383648500107229
11.47         -0.464504675231874
11.48         -0.573331262245774
11.49         -0.634472234174609
11.5          -0.448982108384371
11.51         -0.484033498428762
11.52         0.25987535180524
11.53         0.628314019739628
11.54         0.643386752977967
11.55         0.77535892188549
11.56         0.950681543648243
11.57         0.991965955942869
11.58         0.952825936898589
11.59         0.538806048519909
11.6          0.370101451613009
11.61         0.312988443821669
11.62         0.106838643327355
11.63         -2.75398147059605E-02
11.64         0.134206691505387
11.65         0.327044894434512
11.66         0.38800091162324
11.67         0.707516675367951
11.68         0.793398678526282
11.69         1.15246011190116
11.7          1.0065929120779
11.71         0.909962484017015
11.72         0.611086112447083
11.73         0.36364320192486
11.74         0.662759382426739
11.75         0.818754398301244
11.76         0.958221455141902
11.77         0.552781295925379
11.78         0.362898485921323
11.79         -0.220573437977582
11.8          -0.538318902365863
11.81         -0.541533664986491
11.82         -0.745065813213587
11.83         -1.23478079527617
11.84         -1.6762444075942
11.85         -1.77141295865178
11.86         -1.63970808058977
11.87         -1.78776250451803
11.88         -1.70458381533623
11.89         -1.4625299911201
11.9          -1.78346363157034
11.91         -1.6405673289299
11.92         -1.244565525949
11.93         -1.39301375985146
11.94         -1.52539136007428
11.95         -0.876930758804083
11.96         -0.876386309936643
11.97         -0.692747851163149
11.98         -0.68126384653151
11.99         -0.681328604444861
12            -0.364832525588572
12.01         -0.377385876327753
12.02         -0.822710697501898
12.03         -0.862139276638627
12.04         -0.685377435833216
12.05         -0.549172869510949
12.06         -0.275042828209698
12.07         -0.2282629468292
12.08         0.152891843710095
12.09         2.83145639277063E-02
12.1          0.183910664934665
12.11         0.194760922752321
12.12         -0.122744111437351
12.13         0.171583692803979
12.14         0.173150490783155
12.15         0.295528018344194
12.16         0.475862672366202
12.17         0.978126108124852
12.18         0.599718284681439
12.19         0.481529903411865
12.2          0.791244783550501
12.21         0.881880134493113
12.22         1.16243524253368
12.23         1.20234935984015
12.24         0.917121157050133
12.25         1.15135966591537
12.26         1.06676624290645
12.27         0.90552854038775
12.28         0.50954036872834
12.29         0.362021403573453
12.3          0.28578396236524
12.31         0.122129304120317
12.32         0.437928531914949
12.33         0.668336529806256
12.34         0.726921245232224
12.35         0.387944010905921
12.36         -0.173457542695105
12.37         -0.302701948955655
12.38         -0.686964808702469
12.39         -0.799921320676804
12.4          -0.395779791511595
12.41         -0.469266830384731
12.42         -0.371886314190924
12.43         -0.325296028777957
12.44         4.83419970190153E-02
12.45         0.538664655536413
12.46         0.173622233178467
12.47         0.400202223435044
12.48         0.790193088725209
12.49         0.572228148467839
12.5          0.611277864575386
12.51         0.535793197564781
12.52         0.641148073375225
12.53         0.449153285622597
12.54         0.15559820920229
12.55         0.282536108158529
12.56         0.690292312949896
12.57         0.387616274468601
12.58         0.518915757760406
12.59         0.982217843458057
12.6          0.612372207529843
12.61         0.371286389864981
12.62         0.948938342481852
12.63         0.729390670582652
12.64         0.428902952559292
12.65         0.614179983884096
12.66         0.175499244220555
12.67         -0.020643533191178
12.68         -2.33137395931408E-02
12.69         -0.475742438994348
12.7          -0.307788295671344
12.71         -1.99569738571881E-03
12.72         0.235826813634485
12.73         0.533624757640064
12.74         0.647853514105082
12.75         0.716136275231838
12.76         0.578780940324068
12.77         0.162856577262282
12.78         -0.107504513282329
12.79         -0.164128894843161
12.8          -0.592315015308559
12.81         -0.532399948686361
12.82         -0.656661540493369
12.83         -1.2549245993793
12.84         -1.44674952551723
12.85         -1.36267138838768
12.86         -1.54301019027829
12.87         -1.81252824023366
12.88         -1.57406489878893
12.89         -1.38001715362072
12.9          -1.25049284845591
12.91         -1.06542379528284
12.92         -0.882221684977412
12.93         -0.832882221490145
12.94         -0.543782942667604
12.95         -0.335738351941109
12.96         -9.25090455170721E-02
12.97         0.328792590647936
12.98         0.521761159077287
12.99         0.272523061987013
13            -0.088647251939401
13.01         -0.617129904180765
13.02         -0.719836393296719
13.03         -0.854433231130242
13.04         -0.737367003634572
13.05         -0.4785328033939
13.06         -0.487327015735209
13.07         -0.388766348697245
13.08         -0.524115138463676
13.09         -0.981506529673934
13.1          -0.617886314615607
13.11         -0.835076242983341
13.12         -0.70546591065824
13.13         -0.684421489164233
13.14         -0.694890563338995
13.15         -0.455356413982809
13.16         -0.304564524684101
13.17         -0.170850579869002
13.18         -0.127206277018413
13.19         -0.331514250263572
13.2          -0.479209801331162
13.21         -7.68457434978336E-02
13.22         -8.19107547285967E-03
13.23         0.201634361296892
13.24         0.216804852671921
13.25         0.138934485130012
13.26         0.44478011649102
13.27         0.564469916559756
13.28         0.291522364988923
13.29         0.289360156003386
13.3          0.307560327351093
13.31         8.25099321641028E-02
13.32         -0.296929066032171
13.33         -0.265769546180964
13.34         -0.350276686213911
13.35         -0.70359633654356
13.36         -0.537994966618717
13.37         -0.197185671720654
13.38         -3.61080458667129E-02
13.39         0.16730460902676
13.4          0.243645363226533
13.41         -0.267241820264608
13.42         -0.422108159065247
13.43         -0.436397438496351
13.44         -0.506212462484837
13.45         -0.335029303953052
13.46         -0.186550280805677
13.47         -0.356920950450003
13.48         -0.335879598744214
13.49         -8.92300274781883E-02
13.5          9.58837934397161E-02
13.51         0.454119070060551
13.52         0.231190830431879
13.53         0.23561691686511
13.54         0.443544892184436
13.55         0.593231493271887
13.56         0.53850049495697
13.57         0.635352313220501
13.58         0.347645694985986
13.59         -0.264446065463126
13.6          -0.253783247452229
13.61         -0.200172392930835
13.62         -9.38306807074696E-02
13.63         -0.242024752590805
13.64         -5.96587301697582E-02
13.65         -0.286556818094105
13.66         -0.22949099002406
13.67         -1.19876800192287E-03
13.68         0.122930728979409
13.69         0.392704667709768
13.7          0.325548920854926
13.71         0.540144037641585
13.72         0.630314352214336
13.73         0.565670240297914
13.74         0.718697648048401
13.75         0.723932148590684
13.76         0.870046320185065
13.77         1.03944490849972
13.78         1.10118507385254
13.79         0.710919243246317
13.8          0.521430097036064
13.81         0.261709385812283
13.82         0.252656287997961
13.83         0.22709781602025
13.84         0.121959771411493
13.85         9.39138116687536E-02
13.86         0.307644746527076
13.87         0.419665886722505
13.88         0.485387969389558
13.89         0.606064596734941
13.9          0.672731662541628
13.91         0.810038611739874
13.92         0.66478120341897
13.93         0.648600203543901
13.94         0.518667835816741
13.95         0.652552190423012
13.96         0.315186192914844
13.97         -7.03083188552409E-02
13.98         -0.193923455290496
13.99         -0.264179560337216
14            -0.323462780490518
14.01         -7.03032299503684E-02
14.02         -0.170713809840381
14.03         -3.19045647606254E-02
14.04         0.448185279071331
14.05         0.356800022721291
14.06         0.680633370503783
14.07         0.875485254004598
14.08         0.876075238063932
14.09         0.856834317147732
14.1          0.85051998205483
14.11         0.662207478359342
14.12         0.213547003380954
14.13         0.31753534834832
14.14         0.401482690572739
14.15         0.519454103596509
14.16         0.621510491967201
14.17         0.761307258680463
14.18         0.938035404905677
14.19         0.773765409439802
14.2          0.356479229852557
14.21         0.291483755093068
14.22         9.86558213364333E-02
14.23         -0.219939234349877
14.24         -0.195071647446603
14.25         -0.575092809051275
14.26         -0.809053794443607
14.27         -1.0831461942941
14.28         -1.2827007740736
14.29         -1.203260429129
14.3          -1.14795337043703
14.31         -0.96443170979619
14.32         -0.780758606269956
14.33         -0.612354812063277
14.34         0.109684483185411
14.35         0.163920880146325
14.36         9.2482469236711E-03
14.37         0.207324889842421
14.38         0.412686577029526
14.39         0.405234921947122
14.4          0.510228951461613
14.41         0.415627653412521
14.42         0.374795011617243
14.43         0.138477543499321
14.44         6.71519096195698E-02
14.45         -4.10898404836189E-03
14.46         -1.27785850293003E-02
14.47         -1.02166286332067E-02
14.48         3.95777196809649E-02
14.49         0.410765474326909
14.5          0.247326203752309
14.51         0.2784330072999
14.52         0.249228047188371
14.53         7.22566533659119E-03
14.54         5.53662800230086E-03
14.55         -6.19085057778284E-02
14.56         -0.130503266109154
14.57         9.02730953763239E-03
14.58         0.206724545247853
14.59         -4.46601240942255E-02
14.6          -0.406703815609217
14.61         -0.595288580283523
14.62         -0.851128604114056
14.63         -0.725054813995957
14.64         -0.593311380855739
14.65         -0.458338530510664
14.66         -0.243941579516977
14.67         0.145466491961852
14.68         0.349256968349218
14.69         0.953728308454156
14.7          0.779731689020991
14.71         0.548198979198933
14.72         0.46206159889698
14.73         0.231403559446335
14.74         0.155358509905636
14.75         0.146049029957503
14.76         -9.46614135929849E-03
14.77         -0.490284354686737
14.78         -0.723454650342464
14.79         -0.742712162733078
14.8          -0.680681756213307
14.81         -0.589258492961526
14.82         -0.311673587746918
14.83         -0.306817438602448
14.84         -5.22152840299532E-02
14.85         -3.88142514741048E-02
14.86         9.78953361231834E-02
14.87         8.98825036548078E-02
14.88         0.115799081046134
14.89         0.316356220766902
14.9          9.22358526382595E-02
14.91         -0.222837827056646
14.92         -0.211833513379097
14.93         -0.132736445674673
14.94         -0.436105845160782
14.95         -0.314917586445808
14.96         0.111117544379085
14.97         0.396822825148702
14.98         0.531452845931053
14.99         0.539255224317312
15            0.427210951074958
15.01         0.305051908381283
15.02         0.116456655263901
15.03         0.202950423359871
15.04         0.102821112815291
15.05         0.109671738082543
15.06         0.222450047023594
15.07         0.46672595936805
15.08         0.544350305311382
15.09         0.469186540804803
15.1          0.41113341037184
15.11         0.283541957158595
15.12         0.314215810932219
15.13         0.594136934615672
15.14         0.684346206262708
15.15         1.14250537343323
15.16         1.27902579903603
15.17         0.897021937966347
15.18         0.85364451482892
15.19         0.595217975154519
15.2          0.358225829713047
15.21         -3.82399955112487E-02
15.22         -0.266811264194548
15.23         -0.315800552554429
15.24         -0.583274306282401
15.25         -0.746185335740447
15.26         -0.907157136127353
15.27         -0.905303203314543
15.28         -1.09129531256855
15.29         -1.23769665554166
15.3          -0.939317260757089
15.31         -0.903924429863691
15.32         -0.656349006816745
15.33         -0.532188681475818
15.34         -0.68943401478231
15.35         -0.785564871355891
15.36         -1.01279373809695
15.37         -1.12363480053842
15.38         -1.10019674822688
15.39         -0.940368443951011
15.4          -1.15361025922
15.41         -0.956864024028182
15.42         -0.825146209001541
15.43         -0.760540907979012
15.44         -0.386340740919113
15.45         -0.217073532231152
15.46         0.280446550827473
15.47         0.413110792525113
15.48         0.566976654455066
15.49         0.38730604313314
15.5          0.155134488455951
15.51         8.76905560959131E-02
15.52         3.91855862131342E-02
15.53         6.16711202426814E-03
15.54         -5.34187826234847E-02
15.55         -0.184518665727228
15.56         -0.118236173121259
15.57         -0.384326667487621
15.58         -0.21760506240651
15.59         -0.405814819559455
15.6          -0.567612831518054
15.61         -0.52638828009367
15.62         -0.36005345005542
15.63         -0.195389608070254
15.64         -0.1103547111433
15.65         5.64800969464704E-02
15.66         9.10268677119166E-02
15.67         -9.66901427507401E-02
15.68         -0.102850951887667
15.69         -0.341453639790416
15.7          -0.690544547215104
15.71         -0.537030797302723
15.72         -0.290142751000822
15.73         -0.205994118377566
15.74         -6.40696823643521E-02
15.75         0.105062021669
15.76         5.31264937890228E-03
15.77         -0.155079670809209
15.78         -0.123776007955894
15.79         -5.01991092553362E-02
15.8          1.45010582730174E-02
15.81         -0.125335871502757
15.82         -0.163642790224403
15.83         -0.232630469743162
15.84         -0.225784165933728
15.85         -0.140778706083074
15.86         -5.09098383178934E-02
15.87         -6.03167794737965E-02
15.88         2.63418983761221E-02
15.89         8.86181277805008E-03
15.9          1.07674340636004E-02
15.91         0.327797759994864
15.92         0.60147529989481
15.93         0.503813020996749
15.94         0.663497154861689
15.95         0.8213512198627
15.96         0.893799025788903
15.97         1.01364501960576
15.98         0.839628300368786
15.99         0.657597168087959
16            0.469481240473688
16.01         0.479669355936348
16.02         0.501674146056175
16.03         0.343446882516146
16.04         0.308195115700364
16.05         0.407825750112534
16.06         0.667537215426564
16.07         0.786799584031105
16.08         0.732412877082825
16.09         0.682485329881311
16.1          0.658888598755002
16.11         0.610753954052925
16.12         0.653741514086723
16.13         0.749128531739116
16.14         0.640169468745589
16.15         0.303182681445032
16.16         8.38017648272216E-02
16.17         -0.265720466114581
16.18         -7.03693491686136E-02
16.19         -0.24107406841591
16.2          -0.294614445716143
16.21         -0.30037128534168
16.22         -0.457541006840765
16.23         -0.33396701104939
16.24         -0.252776466552168
16.25         -0.351049103401601
16.26         -0.340599178858101
16.27         -0.449981470629573
16.28         -0.516555419526994
16.29         -0.255333892498165
16.3          -0.183301914967597
16.31         -0.272879650779069
16.32         -0.221012655235827
16.33         -0.292904792949557
16.34         -0.4887135367468
16.35         -0.316517640464008
16.36         -0.323958843648434
16.37         -0.338140534311533
16.38         -7.71003714669496E-02
16.39         3.07919789501466E-02
16.4          0.165817570723593
16.41         0.142493831478059
16.42         8.65629479661584E-02
16.43         0.316253127045929
16.44         0.462532263211906
16.45         0.574715371280909
16.46         0.808113342896104
16.47         0.559240934327245
16.48         0.490448442175984
16.49         0.535215675383806
16.5          0.301396631151438
16.51         6.50669798115268E-02
16.52         -4.49911861354485E-02
16.53         -0.133023480009288
16.54         -0.319184299707413
16.55         -0.093319551832974
16.56         -8.87414652016014E-02
16.57         -3.24604294029996E-03
16.58         -2.90687679522671E-02
16.59         -0.292052780538797
16.6          -0.389807153083384
16.61         -0.447878044433892
16.62         -0.431334261372685
16.63         -0.432712888643146
16.64         -0.430832058638334
16.65         -0.483990192487836
16.66         -0.673238177597523
16.67         -0.441914542280138
16.68         -0.288035268299282
16.69         -0.250952409356833
16.7          -0.264153869133443
16.71         -0.239564518332481
16.72         -0.198239011075348
16.73         -0.13526980667375
16.74         -0.25372804608196
16.75         -0.246059861294925
16.76         -0.245889360141009
16.77         -0.351315078623593
16.78         -0.450077036060393
16.79         -0.253179577253759
16.8          -0.143390776086599
16.81         -0.111456856476143
16.82         6.01329850405455E-02
16.83         0.206812107302248
16.84         0.173853892553598
16.85         0.459571927562356
16.86         0.85141774892807
16.87         1.12101926788688
16.88         1.10029103457928
16.89         1.10964255966246
16.9          0.804543837010861
16.91         0.553757342398167
16.92         0.614453048855066
16.93         0.488335879705846
16.94         0.252172979079187
16.95         0.22445195093751
16.96         6.20446545397863E-02
16.97         0.126325275208801
16.98         0.478694113455713
16.99         0.487553047165275
17            0.363597082011402
17.01         0.390897439531982
17.02         0.428778955042362
17.03         0.432905773669481
17.04         0.52386758197099
17.05         0.526730817295611
17.06         0.322873819693923
17.07         2.59785921382718E-02
17.08         -9.31936356984079E-02
17.09         -0.18920621406287
17.1          -0.325524362549186
17.11         -0.399354706071317
17.12         -0.441478668898344
17.13         -0.692244478985667
17.14         -0.610790828056634
17.15         -0.495097709521651
17.16         -0.461561881229281
17.17         -0.482670695185661
17.18         -0.470064171329141
17.19         -0.262612945083529
17.2          -0.243457247335464
17.21         1.43882915214635E-02
17.22         -0.020928080175072
17.23         -0.139109289469197
17.24         -0.25854971492663
17.25         -0.312875080928206
17.26         -0.17194709725678
17.27         -0.237433445770293
17.28         -0.282662974465638
17.29         -0.230580801386386
17.3          -0.320023302063346
17.31         -0.363682487905026
17.32         -0.212713939603418
17.33         -0.155800595954061
17.34         -0.206619112640619
17.35         -0.080612437594682
17.36         0.151795691773295
17.37         0.301906325630844
17.38         0.15061097279191
17.39         0.188207765445113
17.4          0.154851227402687
17.41         6.27771918894723E-02
17.42         1.25504145689774E-02
17.43         0.244064261410385
17.44         0.269674700517207
17.45         0.163782282862812
17.46         0.418315764628351
17.47         0.545616264045239
17.48         0.519843272343278
17.49         0.446847143769264
17.5          0.257760541811585
17.51         0.311281349211931
17.52         0.295749189276248
17.53         0.24063207373023
17.54         0.307459462881088
17.55         0.143373344074935
17.56         -4.77648220164701E-02
17.57         1.8836542556528E-03
17.58         0.108628549128771
17.59         0.245019276179373
17.6          0.153855775482953
17.61         0.24426843887195
17.62         0.371900420598686
17.63         0.548815166093409
17.64         0.545053908079863
17.65         0.3752382305637
17.66         0.213596850894392
17.67         0.252948593962938
17.68         0.218190953414887
17.69         2.50150463730097E-02
17.7          -5.77881236560643E-03
17.71         -2.66660511097871E-02
17.72         -8.83808016311377E-02
17.73         -0.237193344477564
17.74         -0.280771820470691
17.75         -0.358031884878874
17.76         -0.331448797993362
17.77         -0.278487422950566
17.78         -0.312222824022174
17.79         -0.23295270614326
17.8          -7.54743110435084E-02
17.81         -0.158995898310095
17.82         -0.201398937776685
17.83         -0.249722356181592
17.84         -0.223486173637211
17.85         -0.16336153915152
17.86         -0.123988673016429
17.87         -8.09554590191692E-02
17.88         -0.150769523698837
17.89         -0.209284401442856
17.9          -0.203488586470485
17.91         -0.193637307174504
17.92         -0.235839787144214
17.93         -0.264798195753247
17.94         -0.216697446629405
17.95         -0.123706343863159
17.96         3.60259610088542E-02
17.97         1.03855549218133E-02
17.98         7.99591265909839E-03
17.99         2.30367877084063E-03
18            -5.35693255858496E-02
18.01         -2.23401918914169E-02
18.02         -5.00341172749177E-02
18.03         -0.028856363275554
18.04         -1.8734116354608E-03
18.05         -7.75794594269246E-02
18.06         -0.272813540697098
18.07         -0.343691149950027
18.08         -0.426539800353348
18.09         -0.448776578754187
18.1          -0.382372126020491
18.11         -0.332542592771351
18.12         -0.261409843917936
18.13         -0.172038734089583
18.14         -0.187012283932418
18.15         -0.132179626291618
18.16         -3.38267386914231E-02
18.17         -9.77634996827692E-02
18.18         -9.57151652220637E-02
18.19         -3.22335939807817E-02
18.2          -7.03657631808892E-02
18.21         -2.83163500693627E-02
18.22         6.96836489299312E-02
18.23         1.34877940441947E-02
18.24         -7.64280147571117E-02
18.25         -0.107123210867867
18.26         -9.19660767260939E-02
18.27         -0.031751591549255
18.28         -6.26397137995809E-02
18.29         2.82354643475264E-02
18.3          -5.40730221010745E-02
18.31         -0.196148923840374
18.32         -0.216764342430979
18.33         -0.208732205014676
18.34         -0.1966666947864
18.35         -0.134555103331804
18.36         -8.70303506311029E-02
18.37         0.018192334708292
18.38         0.128299404848367
18.39         0.160000778865069
18.4          0.168649888895452
18.41         0.236789155695587
18.42         0.185405231527984
18.43         0.207840120904148
18.44         0.372639033570886
18.45         0.418258681185544
18.46         0.343849390223622
18.47         0.356148715987802
18.48         0.311759724542499
18.49         0.251546760555357
18.5          0.274265970792621
18.51         0.252454358059913
18.52         0.223368461877108
18.53         0.317402031831443
18.54         0.256055347546935
18.55         0.295257420167327
18.56         0.197388296015561
18.57         5.60827969154343E-02
18.58         3.47292724158615E-02
18.59         0.037073711247649
18.6          5.27018043491989E-02
18.61         0.129286707211286
18.62         0.145892891027033
18.63         0.130455894526094
18.64         0.113393883705139
18.65         0.152533290619031
18.66         9.86876886617392E-02
18.67         4.58347429241985E-02
18.68         -0.120304077481851
18.69         -0.197501001097262
18.7          -0.178804127052426
18.71         -0.183237266689539
18.72         -0.218528337758034
18.73         -0.209329571183771
18.74         -0.162774295974523
18.75         -0.134521755930036
18.76         -6.48232742585242E-02
18.77         -3.25488205743022E-02
18.78         2.25405572424643E-02
18.79         -2.20130781483022E-03
18.8          1.75770545890555E-02
18.81         -2.64691621111706E-02
18.82         1.46214709442575E-02
18.83         2.08260394097306E-02
18.84         -4.03354000579566E-02
18.85         -1.35053493955638E-02
18.86         2.76901920733508E-03
18.87         -3.98100185953081E-02
18.88         -3.70179365761578E-02
18.89         -4.62591228727251E-02
18.9          -7.13566104182974E-02
18.91         -7.93506175931543E-02
18.92         -3.38875611545518E-03
18.93         8.92079359665513E-02
18.94         0.119138197498396
18.95         0.124279617676511
18.96         0.114573815278709
18.97         5.09343874873593E-02
18.98         9.27302449999843E-03
18.99         1.96679777931422E-02
19            -6.09449166152626E-02
19.01         -0.117389076026157
19.02         -0.133796280920506
19.03         -0.113029510807246
19.04         -0.16046983519569
19.05         -0.174383065570146
19.06         -0.230479132924229
19.07         -0.240232051089406
19.08         -0.257886330038309
19.09         -0.25450283870101
19.1          -0.217824917715043
19.11         -0.238043328635395
19.12         -0.205625871699303
19.13         -0.216450748946518
19.14         -0.187949921507388
19.15         -0.169393691271544
19.16         -0.192894601151347
19.17         -0.187175932880491
19.18         -0.109088788954541
19.19         -0.113335630819201
19.2          -9.62382352072746E-02
19.21         -5.33023179648444E-02
19.22         -1.55648643721361E-02
19.23         -1.69795079785399E-02
19.24         3.35914522153325E-02
19.25         0.092221207190305
19.26         9.09711455740035E-02
19.27         0.125246381694451
19.28         0.162609989214689
19.29         0.147389193512499
19.3          0.132153587909415
19.31         0.124024249669164
19.32         8.80459937173873E-02
19.33         6.36557999951765E-02
19.34         6.08992672199383E-02
19.35         0.0598912620591
19.36         6.32116993982345E-02
19.37         7.05350720509887E-02
19.38         7.06588183203712E-02
19.39         4.76656705979258E-02
19.4          4.43473894195631E-02
19.41         6.41692768922076E-02
19.42         8.96547271963209E-02
19.43         9.89647553209215E-02
19.44         0.093718569483608
19.45         0.105963059328496
19.46         6.96183245675638E-02
19.47         5.76912288973108E-02
19.48         5.29421660257503E-02
19.49         1.24217472737655E-02
19.5          -1.20025064796209E-02
19.51         -2.92546391749056E-03
19.52         -1.48321591434069E-02
19.53         -2.04117504763417E-03
19.54         1.36828980431892E-02
19.55         1.02616613300052E-02
19.56         -2.45426096208394E-02
19.57         -4.15586238680407E-02
19.58         -2.25416741520166E-02
19.59         -3.27776454202831E-02
19.6          -2.80418758280575E-02
19.61         -6.88391042815056E-03
19.62         -8.51490900793579E-03
19.63         -7.22266349941492E-03
19.64         -0.017390796787804
19.65         -1.72062691685278E-02
19.66         -1.7451681777311E-03
19.67         -0.012963322782889
19.68         -2.17732312437147E-02
19.69         -1.73778689594474E-02
19.7          -1.54649340861943E-02
19.71         -1.39099915651605E-02
19.72         -9.40260656469036E-03
19.73         -9.89324406036758E-04
19.74         -3.05906737048645E-03
19.75         8.88848670234438E-03
19.76         1.10028872766998E-02
19.77         1.59351130365394E-02
19.78         1.63314263499342E-02
19.79         1.95205480162986E-02
19.8          0.02867789757438
19.81         3.38065635133535E-02
19.82         3.17920241318643E-02
19.83         4.06187524739653E-02
19.84         3.30709563754499E-02
19.85         3.30090192868374E-02
19.86         3.28639306803234E-02
19.87         2.47655278653838E-02
19.88         2.18565106694587E-02
19.89         1.60388006153516E-02
19.9          1.73934600118082E-02
19.91         1.60022909205873E-02
19.92         1.49650999309961E-02
19.93         1.06254734890535E-02
19.94         8.46451902820263E-03
19.95         8.88571212999523E-03
19.96         5.05123601295054E-03
19.97         3.56234161852626E-03
19.98         2.84092768299161E-03
19.99         2.60267220321111E-03
20            3.23722757748328E-03
