Horizontal-Spectrum-NTC - Comune Mercato San Severino (SA) - SLV q=1 VR=50 Suolo=C Topo=T1 h/H=1 (6)
Time (s)      Acc. (m/s^2)
0             -2.62804889073595E-02
0.01          -2.52127051027492E-02
0.02          -0.024410240992438
0.03          -2.13854215177707E-02
0.04          -3.06358811329119E-02
0.05          -4.28118740441278E-02
0.06          -5.03008325351402E-02
0.07          -5.20169811928645E-02
0.08          -5.41356284217909E-02
0.09          -5.70020979875699E-02
9.999999E-02  -8.10692787263542E-02
0.11          -0.120830162437633
0.12          -0.109904603445902
0.13          -0.118286797218025
0.14          -0.104521702397615
0.15          -0.113376214150339
0.16          -0.125192971033975
0.17          -0.112552332328632
0.18          -8.57504225336015E-02
0.19          -4.05800968967378E-02
0.2           -6.74557684035972E-02
0.21          -0.147373332940042
0.22          -0.181186264436692
0.23          -0.229582334496081
0.24          -0.252696286607534
0.25          -0.219695058278739
0.26          -0.226137502212077
0.27          -0.247430540006608
0.28          -0.211303993184119
0.29          -0.169247693605721
0.3           -0.153483015485108
0.31          -0.213702667225152
0.32          -0.2126149754785
0.33          -0.144108859850094
0.34          -0.134371921028942
0.35          -0.127186213759705
0.36          -6.94179615005851E-02
0.37          -3.51418323093094E-02
0.38          -8.22862122114748E-02
0.39          -0.149268333306536
0.4           -0.224861694574356
0.41          -0.183938695024699
0.42          -0.142429493833333
0.43          -0.183073270563036
0.44          -0.204328447636217
0.45          -1.46062076557428E-02
0.46          0.175425697211176
0.47          0.151836156332865
0.48          0.163606720212847
0.49          0.226267072856426
0.5           0.179562894646078
0.51          4.27274457318708E-02
0.52          0.119537279102951
0.53          0.176815251465887
0.54          6.93041692022234E-02
0.55          0.152352876607329
0.56          0.166954598352313
0.57          0.36750115826726
0.58          0.30189461292699
0.59          0.249681443944573
0.6           8.92051128577441E-02
0.61          7.26175944507122E-02
0.62          0.130768345976248
0.63          0.13007723249495
0.64          0.113283800734207
0.65          0.120516367955133
0.66          0.209348611179739
0.67          0.130973089886829
0.68          0.115846671899781
0.69          8.29593911860138E-02
0.7           -3.79619878157973E-02
0.71          -8.96003572270274E-02
0.72          -0.141864369576797
0.73          -0.257911363430321
0.74          -1.72236840496771E-02
0.75          9.59835981018841E-02
0.76          0.028890889256727
0.77          -0.006867929942091
0.78          3.93978812545538E-02
0.79          0.172608234621584
0.8           0.453381187990308
0.81          0.569708217792213
0.82          0.652763421088457
0.83          0.619189512804151
0.84          0.663999649956822
0.85          0.73274339094758
0.86          0.517245902605355
0.87          0.411660061776638
0.88          0.234689621552825
0.89          0.110176663426682
0.9           3.81012840243056E-02
0.91          0.232019837703556
0.92          6.37174241663888E-02
0.93          -0.065642775236629
0.94          -0.178965144753456
0.95          -3.24121373402886E-02
0.96          5.55294447485358E-02
0.97          9.26615847554058E-02
0.98          0.159921000916511
0.9899999     -5.50412890361622E-02
1             -0.143821770697832
1.01          1.70702083432116E-02
1.02          -0.123275979654863
1.03          3.93731036782265E-02
1.04          -5.96426000772044E-02
1.05          -0.595375996157527
1.06          -0.642284991368651
1.07          -0.371859855540097
1.08          -0.282742441780865
1.09          -0.499457028061152
1.1           -0.622367766872048
1.11          -0.431896580792964
1.12          -0.409198822528124
1.13          -0.441980177275836
1.14          -0.305905437413603
1.15          -0.60040993720293
1.16          -0.521935661919415
1.17          -0.402540890425444
1.18          -0.240012798774987
1.19          -5.39017306594178E-02
1.2           -0.231532198190689
1.21          -0.232237829212099
1.22          -0.238599398843944
1.23          -0.407993711382151
1.24          -0.306421874463558
1.25          -0.149938095314428
1.26          -5.51962219784036E-02
1.27          9.69292025081813E-03
1.28          -2.99911981984042E-02
1.29          1.74718389683403E-02
1.3           -0.217763540223241
1.31          -0.36993133418262
1.32          -0.440013758651912
1.33          -0.316254698485136
1.34          -0.173652053978294
1.35          -0.140871969172731
1.36          -0.387547606229782
1.37          -0.383014040663838
1.38          -0.282128136958927
1.39          -0.530464154854417
1.4           -0.682051320299506
1.41          -0.886930959373713
1.42          -0.835665496140719
1.43          -0.589998458102346
1.44          -0.409233248010278
1.45          -0.590191306583583
1.46          -0.682554400116205
1.47          -0.537886939309537
1.48          -0.3922162059322
1.49          -0.531520088911057
1.5           -0.529581079110503
1.51          -0.319719868116081
1.52          -0.486759287640452
1.53          -0.394583378098905
1.54          6.20819716528058E-02
1.55          6.69752460485324E-02
1.56          0.400238366536796
1.57          0.286138614267111
1.58          5.14836283307523E-02
1.59          0.285170315355062
1.6           0.101618532417342
1.61          0.195479234922677
1.62          0.335889648646116
1.63          0.192128378357738
1.64          0.762698165103793
1.65          0.830878088325262
1.66          0.850791146680713
1.67          0.690246631577611
1.68          0.358461911045015
1.69          0.111601319247857
1.7           0.407741111665964
1.71          0.712672019228339
1.72          0.966757951453328
1.73          0.961752588674426
1.74          1.1248532871902
1.75          1.56966954678297
1.76          1.73166548699141
1.77          1.54161387518048
1.78          1.33188199728727
1.79          1.41923983767629
1.8           1.26388955041766
1.81          1.03430600993335
1.82          0.995275626182556
1.83          1.24146577075124
1.84          0.750479604005814
1.85          0.54950934022665
1.86          -6.66539415484294E-02
1.87          -3.31475731730461E-02
1.88          0.121591506460682
1.89          -0.216315221451223
1.9           -0.280159543901682
1.91          5.79116826318204E-02
1.92          0.191533899251372
1.93          0.436695500314236
1.94          0.5206723709777
1.95          0.286212599817663
1.96          0.107810222161934
1.97          0.190160607565194
1.98          -3.35995423863642E-02
1.99          -0.122311655022204
2             -1.85676460107788E-02
2.01          -0.247234786190093
2.02          0.115470184301957
2.03          -9.11857863538898E-03
2.04          -0.146653796508908
2.05          -9.50797921512276E-02
2.06          -0.460328411087394
2.07          -0.424693030379713
2.08          -0.533726353012025
2.09          -0.988572451248765
2.1           -1.07567966535687
2.11          -0.400336234308779
2.12          -0.312715378850699
2.13          -0.290954106990248
2.14          -0.405511787608266
2.15          -0.268242900129408
2.16          -0.292172538824379
2.17          -0.3846416496858
2.18          -0.287059240099043
2.19          -0.546158081665635
2.2           -0.236737499199808
2.21          -0.187250685878098
2.22          -0.246773934233934
2.23          -0.559970411024988
2.24          -0.317792845107615
2.25          0.186341462116689
2.26          0.231279708109796
2.27          0.187298559956253
2.28          0.743161448165774
2.29          0.705233118385077
2.3           0.577442805022001
2.31          1.1573302578181
2.32          1.0736384023726
2.33          0.734844734072685
2.34          0.837090097144246
2.35          0.548862199634314
2.36          1.27120821788907
2.37          0.815666629895568
2.38          0.699061236083508
2.39          0.905496015250683
2.4           0.5216768129915
2.41          0.637391748949885
2.42          0.500574650242925
2.43          0.240841586776078
2.44          0.143429285483435
2.45          -0.133515459252521
2.46          -0.439719936065376
2.47          -0.441253551095724
2.48          -0.727898534238339
2.49          -0.909566627517343
2.5           -0.973636835217476
2.51          -0.996783769279718
2.52          -0.838771317824721
2.53          -0.913754257187247
2.54          -1.40674667671323
2.55          -1.0481705622375
2.56          -0.71322538509965
2.57          -0.28600571801886
2.58          -0.147230934966356
2.59          -4.38570821145549E-02
2.6           0.232291002329439
2.61          0.49691970191896
2.62          0.628113460242748
2.63          0.143780703144148
2.64          -0.289817262087017
2.65          -0.106067002722993
2.66          4.88000624114648E-02
2.67          -0.180811823364347
2.68          0.294099360834807
2.69          0.713635640367866
2.7           0.245784932523966
2.71          0.41615192938596
2.72          0.458177695535123
2.73          0.427404018826783
2.74          0.505522491037846
2.75          0.291338725872338
2.76          0.375119751356542
2.77          -6.26838283007965E-02
2.78          -0.408162732459605
2.79          -0.674082296267152
2.8           -0.634928974807262
2.81          -0.558278994262219
2.82          -0.619382397830486
2.83          -1.05314522713423
2.84          -1.09741559319198
2.85          -0.662487194538116
2.86          -4.15854479698464E-02
2.87          -0.301465317662805
2.88          -0.68650631390512
2.89          -0.502195498421788
2.9           -0.378274433836341
2.91          0.142197715686634
2.92          0.468931784927845
2.93          -5.15098357340321E-02
2.94          0.297713305559009
2.95          0.063623302266933
2.96          0.211597231049091
2.97          0.793935526013374
2.98          0.659270714297891
2.99          0.6438690751791
3             0.250026502758265
3.01          0.370159229412675
3.02          0.884530165717006
3.03          0.838134044408798
3.04          1.27488173112273
3.05          1.1178087810427
3.06          0.842930149957538
3.07          1.00832661151886
3.08          0.680254617109895
3.09          0.965489617288113
3.1           0.839747145026922
3.11          0.192060970924795
3.12          0.289212111812085
3.13          0.197728878054768
3.14          0.351770138181746
3.15          0.191392652448267
3.16          3.72952796076424E-02
3.17          -0.216857824791223
3.18          -0.667539627403021
3.19          -0.589872779510915
3.2           -0.122043642411008
3.21          8.94535464327782E-02
3.22          0.25376051640138
3.23          0.029027570206672
3.24          0.240989649239928
3.25          0.322851782999933
3.26          9.44363700225949E-02
3.27          0.214459022842348
3.28          0.108745475169271
3.29          0.487917328700423
3.3           0.668916865959764
3.31          0.812776131927967
3.32          0.89275610178709
3.33          0.703026159927249
3.34          1.04389471270144
3.35          1.09428762517869
3.36          1.04524878166616
3.37          0.387862698063254
3.38          0.403542481921613
3.39          0.750367264375091
3.4           0.158547234144062
3.41          -0.110941963456571
3.42          -0.994937072396278
3.43          -0.860592322647572
3.44          -0.509174369573593
3.45          -0.709449911043048
3.46          -1.05506150588393
3.47          -1.19945052959025
3.48          -1.00371396236122
3.49          -0.699793234393001
3.5           -0.830833210945129
3.51          -0.858787067905068
3.52          -0.58968577824533
3.53          -0.313076188601553
3.54          -0.601488273404539
3.55          -1.05245350152254
3.56          -1.00987239606678
3.57          -0.836368770003319
3.58          -1.04633365944028
3.59          -0.789307381734252
3.6           -0.776973118856549
3.61          -0.787184038460255
3.62          -0.181897742673755
3.63          -0.373242758587003
3.64          -0.661940626055002
3.65          -1.00471792928874
3.66          -1.14858428500593
3.67          -0.835288277640939
3.68          -1.00289571762085
3.69          -0.967836762741208
3.7           -1.21655085794628
3.71          -1.08597551576793
3.72          -0.73007194429636
3.73          -0.773252974078059
3.74          -0.673050993606448
3.75          -0.780399806499481
3.76          -1.16030049718916
3.77          -0.854276160299778
3.78          -0.186536868754774
3.79          0.131065859617665
3.8           1.01204025126994
3.81          0.942225300371647
3.82          0.961551956087351
3.83          0.70890743561089
3.84          1.12489158645272
3.85          1.07070163831115
3.86          0.566969491615892
3.87          0.296045679654926
3.88          0.331866069920361
3.89          0.749518614113331
3.9           0.537485162504017
3.91          0.644574761018157
3.92          0.328173041604459
3.93          -0.29339367499575
3.94          -0.433434508144856
3.95          -0.356826919913292
3.96          -0.651739939078689
3.97          -0.721245060637593
3.98          -0.736398850902915
3.99          -0.659102022126317
4             2.70601511606947E-02
4.01          0.315211518667638
4.02          0.601650350913405
4.03          1.12039851285517
4.04          1.44980235680938
4.05          1.25940722107887
4.06          1.26591341793537
4.07          1.04383762925863
4.08          1.29103875741363
4.09          1.03800188876688
4.1           0.867837022840977
4.11          0.378005863912404
4.12          0.398699379377067
4.13          0.589125541895628
4.14          0.392209116183221
4.15          -7.17477114871144E-02
4.16          0.13456829611212
4.17          0.336081948950887
4.18          0.484874328039587
4.19          0.440702451020479
4.2           0.49548150613904
4.21          0.528091939464212
4.22          -8.14539295854047E-03
4.23          -6.40278839087114E-02
4.24          -0.458217273876071
4.25          -0.755995794162154
4.26          -0.890410710498691
4.27          -1.33436501741409
4.28          -1.24395449191332
4.29          -1.75049571409822
4.3           -1.78580061748624
4.31          -1.93114661112428
4.32          -2.01328288793564
4.33          -1.61260872110724
4.34          -1.27820046454668
4.35          -0.852290518954396
4.36          -0.618410882949829
4.37          -0.840874853655696
4.38          -0.247939594946802
4.39          0.120586635041982
4.4           -0.113831584341824
4.41          -0.180975234769285
4.42          -0.349868038929999
4.43          -0.254761815536767
4.44          -0.191298585366458
4.45          -0.534334426894784
4.46          -0.245643521267921
4.47          -0.389345661588013
4.48          -4.38668944733217E-02
4.49          0.27978000478819
4.5           -0.165710603222251
4.51          4.64964832831174E-02
4.52          0.287555650435388
4.53          0.269622349664569
4.54          0.385830059722066
4.55          0.710252660661936
4.56          1.03678983405232
4.57          0.903719923496246
4.58          -0.079232193203643
4.59          2.47311686212197E-02
4.6           3.65473247948103E-02
4.61          -0.142960466695949
4.62          0.29543738650158
4.63          -0.307654138617218
4.64          -2.64851734321564E-02
4.65          0.486796052008867
4.66          0.05193314217031
4.67          -0.094649775121361
4.68          -0.385588240809739
4.69          -0.219462668001652
4.7           -7.48595779587049E-03
4.71          -0.416995938420296
4.72          -0.217949682679027
4.73          -0.235415462013334
4.74          -0.123023507846519
4.75          -0.257902482971549
4.76          -0.378231493346393
4.77          0.296735230833292
4.78          0.459005624726415
4.79          0.644115535318851
4.8           0.826949782669544
4.81          0.554709269106388
4.82          0.999192749038339
4.83          0.466841843873262
4.84          0.513184134252369
4.85          0.652205815985799
4.86          0.827847184091806
4.87          1.14372247137129
4.88          0.886685961037874
4.89          0.51652234621346
4.9           0.798626308590174
4.91          0.612863739095628
4.92          0.522783764004707
4.93          0.805889792963862
4.94          0.553464616164565
4.95          0.415097822584212
4.96          -6.01100575597957E-02
4.97          -0.264321464952081
4.98          -0.401757984794676
4.99          -0.298568442575634
5             -0.385453499034047
5.01          -0.368159774020314
5.02          -0.686690793558955
5.03          -0.214025524891913
5.04          6.74219276430085E-02
5.05          -0.616827530041337
5.06          -0.956466705724597
5.07          -0.910689000561833
5.08          -0.549825162962079
5.09          -0.522789355404675
5.1           -0.410587097704411
5.11          0.02652948893141
5.12          -2.30508033244405E-03
5.13          -0.375212210454047
5.14          -0.362907512560487
5.15          -6.50974036054686E-02
5.16          -7.06358086131513E-02
5.17          -0.265321028195322
5.18          -0.46900337677449
5.19          -0.291385832503438
5.2           -1.84997694872436E-03
5.21          -0.345375550054014
5.22          -0.68352511100471
5.23          -0.657810372188687
5.24          -0.321843796111643
5.25          -0.468960399739444
5.26          -0.976050785109401
5.27          -0.73421608529985
5.28          -0.231910019684583
5.29          0.574626201242209
5.3           0.253772338740528
5.31          0.335017024800181
5.32          0.242490501590073
5.33          0.343595438338816
5.34          0.169896131549031
5.35          -7.46787790814415E-02
5.36          -0.449246877618134
5.37          -1.01794155366719
5.38          -0.773346821889281
5.39          -0.487274354249239
5.4           -0.168225673399866
5.41          -4.19446406001225E-02
5.42          -0.134090889226645
5.43          -0.2614399022609
5.44          -0.113264833828434
5.45          0.135042359121144
5.46          0.733343022912741
5.47          0.341680182851851
5.48          0.521666105277836
5.49          1.1537735427171
5.5           1.30218281954527
5.51          1.20050222441554
5.52          1.05839573442936
5.53          0.37654267128557
5.54          -5.72728286404163E-02
5.55          -8.65670501533896E-02
5.56          -0.133328193034977
5.57          -0.63705231808126
5.58          -0.634592467546463
5.59          -0.678607017919421
5.6           -0.311295126713812
5.61          -0.570755600295961
5.62          -0.713927416428924
5.63          -0.786342843398452
5.64          -0.712359120100737
5.65          -0.420318837985396
5.66          -0.38181590963155
5.67          -0.44370247464627
5.68          6.91233577625826E-02
5.69          -0.36625157173723
5.7           -0.345335496626794
5.71          -0.271408381685615
5.72          7.02824677666649E-02
5.73          -2.77089842478745E-02
5.74          -0.381342175528407
5.75          -0.198273929916322
5.76          0.455275320410728
5.77          0.441052991598845
5.78          -0.018105180360144
5.79          -0.177069185078144
5.8           -0.134015752505511
5.81          0.297472637817264
5.82          0.388264657594264
5.83          0.442145690023899
5.84          0.718216349110007
5.85          0.686065580025315
5.86          0.917761646434665
5.87          0.992654538676143
5.88          1.04303648762405
5.89          1.48485407575965
5.9           1.39453462064266
5.91          1.26099298596382
5.92          1.0570793069154
5.93          1.07218778125942
5.94          1.37338202565908
5.95          1.84568253770471
5.96          1.66924645990133
5.97          1.4528455401957
5.98          1.72051265403628
5.99          1.39360988348722
6             1.1018722678721
6.01          0.478564670719206
6.02          0.549896718263626
6.03          0.457336537018418
6.04          0.390563526973128
6.05          0.84046964161098
6.06          1.41200960934162
6.07          1.08427119858563
6.08          0.466282521151006
6.09          0.63726632617414
6.1           0.902031247615814
6.11          0.413339711017907
6.12          0.124324019970372
6.13          -0.465672875829041
6.14          -0.649488030150533
6.15          -0.566868956051767
6.16          -0.985017197951675
6.17          -0.868914737775922
6.18          -1.29841911301017
6.19          -1.0259483653307
6.2           -0.802504547461867
6.21          -0.688078922554851
6.22          -0.493928997293115
6.23          -1.05556261226535
6.24          -1.11608363315463
6.25          -0.636229980289936
6.26          -0.769354489222169
6.27          -1.16621144749224
6.28          -1.06994069628417
6.29          -1.26355684384704
6.3           -1.16664384908974
6.31          -1.33266435474157
6.32          -0.975444501936436
6.33          -0.465944880992174
6.34          -0.79260323792696
6.35          -0.815456568673253
6.36          -0.620924527868629
6.37          -1.05538105621934
6.38          -1.17934539020062
6.39          -0.900339721217752
6.4           -0.570756915919483
6.41          -0.555563693493605
6.42          -0.52619378708303
6.43          0.208400412071496
6.44          0.154716138448566
6.45          -8.84840415325016E-02
6.46          -1.99342956254259E-02
6.47          0.399288120903075
6.48          0.506406845860183
6.49          0.677037259787321
6.5           0.739377861097455
6.51          1.11551462598145
6.52          0.804688994139433
6.53          0.512561113424599
6.54          0.354484159871936
6.55          0.335912818238139
6.56          0.224870593305677
6.57          0.573905349187553
6.58          0.823453001528978
6.59          0.691660561412573
6.6           0.717960094884038
6.61          0.775206894278526
6.62          1.16829802639782
6.63          0.898505011126399
6.64          0.791042177528143
6.65          0.589287253953517
6.66          -0.197614181265235
6.67          -0.732881239056587
6.68          -1.11280948475003
6.69          -0.825506178215146
6.7           -0.846198597326875
6.71          -0.657104978710413
6.72          -0.217368359807879
6.73          -0.044153056293726
6.74          0.031297815637663
6.75          0.118578911321238
6.76          0.436570808440447
6.77          0.522254956439137
6.78          0.624790487587452
6.79          0.146892929356545
6.8           1.69316613092087E-02
6.81          0.109973984314129
6.82          -0.3041228954494
6.83          -0.70697493083775
6.84          -1.21188755728304
6.85          -0.952105194479227
6.86          -0.362744375243783
6.87          -0.507754884883761
6.88          -0.272987842541188
6.89          -0.128481435980648
6.9           -0.488513561971486
6.91          -0.352394620813429
6.92          -0.302532397974283
6.93          -0.100092345178127
6.94          0.125950916362926
6.95          0.478547713793814
6.96          0.224307104442269
6.97          -0.303166857417673
6.98          -3.74519438738935E-02
6.99          0.581334273219109
7             0.242720571253449
7.01          0.115950615294278
7.02          -0.127833061991259
7.03          -0.101611862936988
7.04          0.292282247208059
7.05          0.174952529557049
7.06          -9.10486759990454E-02
7.07          0.272632587645203
7.08          0.57335337202996
7.09          0.878362522646785
7.1           0.535120438858867
7.11          0.60689223356545
7.12          0.592883218489587
7.13          9.88219918962568E-02
7.14          -1.72839055172517E-03
7.15          0.581855442859232
7.16          0.52209945704788
7.17          0.181635714322329
7.18          0.228067905642092
7.19          -0.199964908137918
7.2           -0.593648801743984
7.21          -0.392581108734012
7.22          0.113853849442676
7.23          -0.252434696797282
7.24          -0.301860607713461
7.25          1.72746279160492E-02
7.26          7.04106816742569E-02
7.27          0.280267534665763
7.28          -0.164126062598079
7.29          -0.349827766232193
7.3           -0.396145900301635
7.31          -0.16234598742798
7.32          -0.228164329882711
7.33          -0.816763786822557
7.34          -0.699688276872039
7.35          -0.374449587352574
7.36          -0.507613966986537
7.37          -0.241211624164134
7.38          -0.513837670236826
7.39          -0.444198464713991
7.4           -0.144440287342295
7.41          -0.018444218368968
7.42          -0.464250540621579
7.43          -0.62725048430264
7.44          -0.375465102531016
7.45          -4.59177596820518E-02
7.46          -0.247535862978548
7.47          -5.71430067485198E-02
7.48          -0.15702226202935
7.49          -0.342476135082543
7.5           0.157465882971883
7.51          0.273445240985602
7.52          0.452751771770418
7.53          1.03773013941944
7.54          0.665880991593003
7.55          0.69407867744565
7.56          0.686623769849539
7.57          0.596688842251897
7.58          0.492020868100226
7.59          -2.41883026133291E-02
7.6           -8.63499905448407E-02
7.61          -0.226990738883615
7.62          -0.511207483001053
7.63          -0.52290048904717
7.64          -0.703994970470667
7.65          -0.693225787952542
7.66          -0.689011261090636
7.67          -0.62650379486382
7.68          -0.188434399869293
7.69          0.201225805375725
7.7           0.351139881424606
7.71          9.95716963056475E-02
7.72          -0.479939314574003
7.73          -0.310302598401904
7.74          -0.130415146742016
7.75          -0.77730977229774
7.76          -0.947254271283746
7.77          -1.31321797728539
7.78          -1.26314651548862
7.79          -1.28229541584849
7.8           -1.52137549236417
7.81          -1.55342758968472
7.82          -1.51768370658159
7.83          -1.843756172508
7.84          -1.56720699191093
7.85          -1.33401476919651
7.86          -1.48990373119712
7.87          -0.455869360975921
7.88          0.400698725134134
7.89          0.338233651220799
7.9           0.651896498277783
7.91          0.321808128096163
7.92          0.623467262685299
7.93          0.987136667445302
7.94          1.22604439727962
7.95          1.58992137819529
7.96          1.76582272812724
7.97          1.79986784890294
7.98          1.85954000025988
7.99          1.24977890342474
8             1.14908875353634
8.01          0.80003007888794
8.02          0.394286083728075
8.03          0.786974415779114
8.04          0.556707335785031
8.05          0.453628744482994
8.059999      0.531562115773559
8.07          0.265992818456143
8.08          -3.87437833892182E-02
8.09          -0.642886742949486
8.099999      -0.116355187799782
8.11          -1.72897781431675E-02
8.12          -0.561552850306034
8.13          -0.424518015906215
8.139999      -0.751572375521064
8.15          -0.481122279390693
8.16          -0.24404196890071
8.17          -0.131811589747667
8.179999      0.349595266319811
8.19          -5.56154719088227E-02
8.2           -4.07747543603182E-02
8.21          0.095921197347343
8.22          0.362786219380796
8.23          1.07954591743648
8.24          0.832516551241279
8.25          1.00940491117537
8.26          0.978016984462738
8.27          0.903935101032257
8.28          0.461470628120005
8.29          0.273007777892053
8.3           0.219263972304761
8.309999      0.217054620143026
8.32          5.67873224476352E-02
8.33          0.212208265084773
8.34          0.284590015746653
8.349999      0.312321459241211
8.36          8.02872684504837E-02
8.37          -0.186021619420499
8.38          7.34637642139569E-02
8.389999      0.215758603066206
8.4           0.254487124308944
8.41          0.318421128429472
8.42          0.78360378831625
8.429999      0.421176185980439
8.44          1.55775420949794E-02
8.45          -0.276323459800333
8.46          -0.35791753526777
8.47          -6.47963633621112E-02
8.48          -0.131450231820345
8.49          -0.398810622654855
8.5           -0.140130944224074
8.51          -0.301973056979477
8.52          -0.516650436781347
8.53          -0.50009707890451
8.54          -0.5812839506194
8.55          -0.978086712509394
8.559999      -1.62094875097275
8.57          -1.65989997804165
8.58          -1.40279980614781
8.59          -1.32363186836243
8.599999      -1.22875582426786
8.61          -0.905147375017405
8.62          -0.692562055885792
8.63          -0.461781224906445
8.639999      -0.223921535387635
8.65          0.148471010634676
8.66          9.91066599357873E-02
8.67          -0.180671270918101
8.679999      -3.53835849836469E-02
8.69          -6.43843402247876E-02
8.7           0.607792631685734
8.71          0.919999814406037
8.72          8.93022131826729E-02
8.73          -0.223931201566011
8.74          -0.433954215981066
8.75          -0.244094849657267
8.76          9.44796850997955E-02
8.77          0.077675152765587
8.78          0.236202150061727
8.79          0.312984496951103
8.8           0.780666878074408
8.809999      0.914996205791831
8.82          0.393714262582362
8.83          0.719620119407773
8.84          1.15969099804759
8.849999      0.904892144054175
8.86          1.28923854589462
8.87          1.06239815354347
8.88          0.998576964139938
8.889999      0.440227218568325
8.9           5.34751351643354E-02
8.91          -0.188966423403472
8.92          -0.620874095633626
8.929999      -0.89036159388721
8.94          -1.30547728702426
8.95          -1.46165290877223
8.96          -1.53049217864871
8.97          -1.47910772457719
8.98          -1.04683381564915
8.99          -0.692780522480607
9             -0.333461665436625
9.01          -0.024414267805405
9.02          -0.294450175501406
9.03          -0.424343184158206
9.04          -0.25485599225387
9.05          -0.653268839791417
9.059999      -0.707306906506419
9.07          -0.411253022477031
9.08          -0.22090274585411
9.09          -0.148092083651572
9.099999      -0.403396301530302
9.11          -0.386287640891969
9.12          0.170276858378202
9.13          -0.17254941528663
9.139999      -0.211806725822389
9.15          0.168744284883142
9.16          9.41677178721875E-02
9.17          0.316294605731964
9.179999      0.252840584926307
9.19          -7.95368023042102E-03
9.2           -4.69468605006114E-02
9.21          0.074426759518683
9.22          0.313836838267744
9.23          -8.75830495543778E-02
9.24          0.321178894601762
9.25          0.951464485824108
9.26          1.00532706297934
9.27          1.1280853356421
9.28          1.03571635834873
9.29          1.32145992010832
9.3           1.00262747660279
9.309999      1.11715681649745
9.32          1.2732047496736
9.33          0.761829488128424
9.34          0.752171715125442
9.349999      1.09674367502332
9.36          1.06034307651222
9.37          1.22105986520648
9.38          1.03683156855404
9.389999      0.904945207536221
9.4           0.471385568976402
9.41          0.203820214960724
9.42          0.245843313317746
9.429999      0.216161293499172
9.44          0.369670146368444
9.45          0.623683755844831
9.46          0.286230178009719
9.469999      2.42194984224625E-02
9.48          -0.401783347092569
9.49          -0.538709350191057
9.5           -0.288774758353829
9.51          -0.518767348118126
9.52          -0.44239821664989
9.53          -0.222397531718016
9.54          -0.24398090204224
9.55          -0.212368405703455
9.559999      -0.195914121586829
9.57          -0.351683964841068
9.58          -0.682766507863998
9.59          -1.12606051795185
9.599999      -1.16840473808348
9.61          -1.12357954435051
9.62          -0.723299991488457
9.63          -0.474564444310963
9.639999      -0.597757749818265
9.65          -0.353945667855442
9.66          -0.702125761806965
9.67          -0.723768572732806
9.679999      -0.17151334349066
9.69          -0.696207502484322
9.7           -1.52133441567421
9.71          -1.38581919953227
9.719999      -1.43811231091619
9.73          -0.663510164916515
9.74          -0.710547579601407
9.75          -0.296151203624904
9.76          0.408946040086448
9.77          0.218643454816192
9.78          0.840462698042393
9.79          0.814892897084355
9.8           0.797151640802622
9.809999      0.814101330265403
9.82          0.271978357303888
9.83          0.775317625924945
9.84          0.731308995857835
9.849999      0.461364830061793
9.86          0.427158070318401
9.87          0.268995984960347
9.88          0.442537563107908
9.889999      1.14035469442606
9.9           1.11537626624107
9.91          1.34831793576479
9.92          1.58289404824376
9.929999      1.16922298282385
9.94          1.03930479459465
9.95          0.342096248790622
9.96          0.652790318280459
9.969999      0.63509642444551
9.98          0.18821942333132
9.99          0.12109537021257
10            -1.91777983959764E-02
10.01         0.169605470113456
10.02         0.288385772332549
10.03         -0.132816716982052
10.04         -0.127433788524941
10.05         -0.105425892071798
10.06         -0.234159973450005
10.07         -0.410841415040195
10.08         -0.446957217603922
10.09         -0.296266284137964
10.1          -0.383354019708931
10.11         -0.82223670758307
10.12         -0.803852549940348
10.13         -0.782680147513747
10.14         -0.552014506682754
10.15         -0.252809137869626
10.16         -0.566174891553819
10.17         -1.01710700981319
10.18         -1.05628247760236
10.19         -0.762639035135508
10.2          -0.565059571713209
10.21         -0.195940434057266
10.22         -0.510791161246598
10.23         -0.816008545830846
10.24         -0.603568968549371
10.25         -2.02820085268468E-02
10.26         -8.25728605384938E-03
10.27         0.158610310982913
10.28         0.38337945509702
10.29         0.430453707240522
10.3          0.642663525491953
10.31         0.55002082541585
10.32         0.429245526306331
10.33         0.328982625156641
10.34         -0.205051547214389
10.35         -0.386538522988558
10.36         -0.79178857460618
10.37         -0.7096122443676
10.38         -0.40068129312247
10.39         -0.440623659789562
10.4          -0.213922175355256
10.41         0.225942662023008
10.42         0.378582033924758
10.43         0.206501729786396
10.44         0.402330390661955
10.45         0.496243252158165
10.46         0.265324335526675
10.47         0.105831679701805
10.48         -0.409109762124717
10.49         -8.96085798740387E-02
10.5          0.252852955441922
10.51         0.109266516901553
10.52         0.376067767739296
10.53         0.243150743599981
10.54         7.65504111419432E-03
10.55         8.73988531250507E-02
10.56         0.189087807945907
10.57         0.637438819035888
10.58         0.490873973295093
10.59         0.505767708644271
10.6          0.601726876348257
10.61         0.329583718925715
10.62         0.261141401901841
10.63         0.516874056234956
10.64         0.599740284830332
10.65         0.511090575233102
10.66         0.895454372540116
10.67         0.740149108842015
10.68         0.747332705631852
10.69         0.65357618406415
10.7          0.769906904920936
10.71         0.292776154205203
10.72         2.67187856859528E-02
10.73         -0.101926251277328
10.74         -0.148728543939069
10.75         -0.41127911567688
10.76         -0.749165734648705
10.77         -0.73097577765584
10.78         -0.645765692666173
10.79         -0.440102599784732
10.8          -0.589344666302204
10.81         -0.739399422705174
10.82         -0.753252938389778
10.83         -1.27061487168074
10.84         -1.83606606066227
10.85         -1.88803172796965
10.86         -1.19208676546812
10.87         -0.682444326281548
10.88         -0.544094891622663
10.89         2.19777216226794E-02
10.9          -0.143179380968213
10.91         0.298454823866487
10.92         0.447382894903421
10.93         0.154565755371004
10.94         0.518113665953279
10.95         0.728657868281007
10.96         0.594779141619802
10.97         0.613279878124595
10.98         0.871770444810391
10.99         0.934146933406592
11            0.74250115133822
11.01         0.811976379007101
11.02         0.679108782112599
11.03         1.1535177270323
11.04         1.14753354035318
11.05         1.54687256857753
11.06         1.15369387440383
11.07         0.256325781270862
11.08         -4.87606348190457E-02
11.09         -0.26834919154644
11.1          -0.19640018966049
11.11         -0.238229799997062
11.12         -1.06797106169164
11.13         -1.17396748669446
11.14         -0.645003946647048
11.15         -0.489703433811665
11.16         -0.17170295773074
11.17         -0.145827064169571
11.18         0.110165526308119
11.19         0.333447412848473
11.2          0.629215002581477
11.21         0.555972888953984
11.22         0.330733244977891
11.23         0.205081203561276
11.24         0.285014779418707
11.25         0.449760372787714
11.26         0.424000464230776
11.27         0.423329057693481
11.28         0.302905139699578
11.29         -0.162541101705283
11.3          -0.32589511256665
11.31         -0.313076627142727
11.32         0.220861194077879
11.33         0.300132408309728
11.34         0.255385457631201
11.35         0.115206822054461
11.36         -8.79229281004518E-02
11.37         -0.212824360616505
11.38         -0.42965355232358
11.39         -0.666789868175984
11.4          -1.0443026290834
11.41         -0.57249496422708
11.42         -0.404938248842955
11.43         -0.356580788679421
11.44         -0.132573975306004
11.45         -0.129562028842047
11.46         5.90694039221853E-02
11.47         -0.179027892686427
11.48         0.275379097927362
11.49         0.980445844754577
11.5          1.36999897286296
11.51         1.33332815989852
11.52         1.09059934772551
11.53         0.720066261962056
11.54         0.710036606043577
11.55         1.0282532646507
11.56         0.741383163705468
11.57         0.363213760480285
11.58         -4.53919944958761E-02
11.59         -0.35288892980665
11.6          0.217147207148373
11.61         -7.30479632271454E-02
11.62         -7.88077767100185E-02
11.63         -0.121391531685367
11.64         -7.57425794703886E-02
11.65         0.654362196028233
11.66         0.920723553523421
11.67         0.950582360252738
11.68         0.610779316350818
11.69         0.253582541774958
11.7          0.351019246056676
11.71         0.277163942232728
11.72         -1.81916543413536E-03
11.73         -2.34123405511491E-02
11.74         -0.548071034811437
11.75         -0.825773980692029
11.76         -0.311483699418604
11.77         6.98160244105384E-02
11.78         0.467674085386097
11.79         0.575347857289016
11.8          0.607562068663538
11.81         0.699399497509003
11.82         0.449234598465264
11.83         0.213760719113052
11.84         -0.549570407085121
11.85         -0.723373885676265
11.86         -0.838110143914819
11.87         -0.538353547118604
11.88         -0.604625998958945
11.89         -0.390782249383628
11.9          -0.414806631244719
11.91         -0.810466262474656
11.92         -0.546882040053606
11.93         -0.38091847166419
11.94         -0.323041963689029
11.95         -0.844171075299382
11.96         -1.2809274597466
11.97         -1.11502842999995
11.98         -1.00881353840232
11.99         -1.17896495573223
12            -1.36085772827268
12.01         -1.35068401157856
12.02         -1.0281540812552
12.03         -0.946866966336966
12.04         -0.632057114839554
12.05         -0.495108234509826
12.06         -0.871861076653004
12.07         -0.656156121790409
12.08         -0.523554902113974
12.09         -0.243014576565474
12.1          8.83062222227454E-02
12.11         4.31862694351003E-02
12.12         -0.274585776943713
12.13         -2.54313704115339E-02
12.14         -3.61525760684162E-02
12.15         0.458245340511203
12.16         0.34422277148813
12.17         -9.93565004970878E-02
12.18         -0.25012046020478
12.19         -0.506451979056001
12.2          -0.638651750832796
12.21         -0.291528066024184
12.22         -0.871674915924668
12.23         -0.413936857916415
12.24         0.285164614319801
12.25         0.951783378347755
12.26         1.02649888068438
12.27         0.878238707855344
12.28         1.04086950950325
12.29         1.27934710353613
12.3          1.09725019007921
12.31         1.04228044264019
12.32         0.788779012709856
12.33         0.792293774038553
12.34         0.768894605711103
12.35         0.314136434979737
12.36         -5.85587090207264E-02
12.37         -0.163975003436208
12.38         -7.17770252237096E-02
12.39         0.336730003170669
12.4          -6.39423501072452E-02
12.41         -7.41192233841866E-02
12.42         3.35559189599007E-02
12.43         1.02879109885544E-02
12.44         -0.28601008515805
12.45         -0.392146331705153
12.46         -0.329224882610142
12.47         -0.864670974835754
12.48         -0.866118672341108
12.49         -0.866828962862492
12.5          -0.49738693099469
12.51         -0.36387573838234
12.52         -0.417241192571819
12.53         -0.486475551500916
12.54         -0.07094225296285
12.55         0.294297289084643
12.56         0.543876973204315
12.57         0.197405746299773
12.58         0.164493834190071
12.59         0.416401166953147
12.6          0.440886272862554
12.61         0.522474446296692
12.62         0.492937711514533
12.63         0.402355570234358
12.64         0.402171236760914
12.65         0.463496176712215
12.66         0.161318777818233
12.67         0.3884373331815
12.68         0.231031603440642
12.69         1.05790084071457
12.7          0.774607993215323
12.71         0.536840360797942
12.72         0.690060836300254
12.73         0.811119688823819
12.74         1.19561424449086
12.75         0.794439702183008
12.76         0.395250033773482
12.77         0.635722588151693
12.78         1.04751560099423
12.79         1.18906609386206
12.8          1.00805486217141
12.81         0.567960411943495
12.82         0.524921725317836
12.83         0.481494418121874
12.84         0.274120886754245
12.85         0.271563533898443
12.86         -0.310265578217804
12.87         -0.335159002505243
12.88         1.68142590404022E-02
12.89         0.382286354675889
12.9          0.230229365453124
12.91         -0.128237223364413
12.92         4.53044963954017E-02
12.93         0.275625357069075
12.94         7.23682837933302E-02
12.95         0.103984599094838
12.96         -0.096070685070008
12.97         -0.131989235468209
12.98         4.63640255760401E-02
12.99         -0.257685313727707
13            -0.371280104108155
13.01         -0.136817217478529
13.02         0.2507569479011
13.03         -8.71611546725035E-02
13.04         -0.165581873115152
13.05         -0.312546284683049
13.06         0.348983135931194
13.07         0.656987230405211
13.08         0.258144301883876
13.09         0.302393892053515
13.1          -0.220375747270882
13.11         -1.24311873293482E-02
13.12         0.228463652506471
13.13         -0.152981589334086
13.14         -0.12671782437712
13.15         -0.182906021922827
13.16         2.09916640771553E-02
13.17         -0.18947036202997
13.18         -0.807881427705288
13.19         -0.438977595493197
13.2          -0.807261476665735
13.21         -1.32834794014692
13.22         -1.10548431225121
13.23         -1.43429671034217
13.24         -0.901136185079813
13.25         -1.15114858143032
13.26         -1.3251717326045
13.27         -1.09802070692182
13.28         -1.16116157278419
13.29         -1.06810934834182
13.3          -1.09513971067965
13.31         -1.40841357171535
13.32         -0.865442295670509
13.33         -0.463079050965607
13.34         -0.631749843657017
13.35         -0.314345728754997
13.36         -0.217477209381759
13.37         -1.08447395078838E-02
13.38         -0.113402800709009
13.39         -0.543646848723292
13.4          -0.339435436762869
13.41         0.266689477656037
13.42         0.457390221767128
13.43         0.389337585121393
13.44         0.525132919438183
13.45         0.749753014370799
13.46         0.738190876320004
13.47         0.238123545125127
13.48         -0.430759662799537
13.49         -0.287182196080685
13.5          -0.670070229247212
13.51         -1.12146351009607
13.52         -1.18480815142393
13.53         -0.852829486057162
13.54         -0.56845632892102
13.55         -0.597046107128263
13.56         -0.744656727388501
13.57         -0.161162675432861
13.58         0.200052305739373
13.59         -0.359134194664657
13.6          -0.287217827551067
13.61         0.363784192912281
13.62         0.412381498552859
13.63         2.37567803822458E-02
13.64         0.286418056357652
13.65         0.342121428363025
13.66         0.100099425790831
13.67         0.490681599900127
13.68         0.409125878512859
13.69         0.384697307869792
13.7          -3.10245039872825E-02
13.71         0.406820504106581
13.72         0.337698777168989
13.73         -0.293481419775635
13.74         -0.694014650434256
13.75         -0.709474396258593
13.76         -1.18577082239091
13.77         -1.26909941956401
13.78         -1.55180644914508
13.79         -1.60007346019149
13.8          -1.58624874204397
13.81         -1.24782520249486
13.82         -0.730786693319678
13.83         -0.466766268610954
13.84         -0.483891520723701
13.85         -0.716632850021124
13.86         -0.630989413261414
13.87         8.27950661536306E-02
13.88         0.225786303821951
13.89         0.254259356986731
13.9          0.509573990218341
13.91         0.517940076738596
13.92         0.568286942392588
13.93         0.219790422711521
13.94         0.3293854252249
13.95         0.256616954337806
13.96         -9.12398102867883E-03
13.97         0.114994312310591
13.98         0.428533883616328
13.99         0.415344757810235
14            0.839916056469083
14.01         1.11010872893035
14.02         1.24054629608989
14.03         1.37792414277792
14.04         1.52569249168038
14.05         1.84450213104486
14.06         1.8051179176569
14.07         1.59686450824142
14.08         1.17943324461579
14.09         1.09078580081463
14.1          0.996482491493225
14.11         0.865218639671803
14.12         0.594078535549343
14.13         0.493042011223733
14.14         0.38440761487931
14.15         0.234948616661131
14.16         0.195378425270319
14.17         1.73304471268784E-02
14.18         0.229623703546822
14.19         -7.22257670480758E-02
14.2          5.25119251571596E-02
14.21         0.463309540897608
14.22         0.375162070579827
14.23         0.463006216585636
14.24         0.129382418822497
14.25         5.30498918378726E-02
14.26         0.207473153304309
14.27         0.348056461885571
14.28         2.50875221542083E-02
14.29         -0.299643252175301
14.3          -0.513218157738447
14.31         -0.2769246632047
14.32         -8.94447756092995E-02
14.33         -8.63794184848666E-02
14.34         -0.195220605265349
14.35         -0.225517185721546
14.36         -4.84699094295502E-02
14.37         -0.438647556714714
14.38         -0.456803197860718
14.39         -0.421425240822136
14.4          -0.588742001093924
14.41         -0.703631639108062
14.42         -0.855001507401466
14.43         -0.246278072074056
14.44         0.154156779181212
14.45         0.158974976241589
14.46         0.31304073985666
14.47         0.38344187412411
14.48         0.498827648386359
14.49         0.35794867169112
14.5          0.439632410556078
14.51         4.67542541306466E-02
14.52         -0.124133665692061
14.53         -1.39447847823612E-02
14.54         3.72435346042039E-03
14.55         -0.101071552801877
14.56         -5.56942437251564E-03
14.57         4.01373941497877E-02
14.58         -0.126193338269368
14.59         -0.219717076700181
14.6          -0.232274209856987
14.61         -0.211146026998758
14.62         -0.151020241342485
14.63         -0.268324048519135
14.64         -0.432377221919596
14.65         -0.432772786058486
14.66         -5.16955961793428E-04
14.67         0.166235628370196
14.68         0.327758108563721
14.69         0.64904978133738
14.7          0.610744598507881
14.71         0.522827581577003
14.72         0.496242375075817
14.73         0.469332501925528
14.74         0.638801951184869
14.75         0.308900034092367
14.76         0.264480216857046
14.77         0.359747165590525
14.78         0.303224726580083
14.79         0.2354421216622
14.8          0.299927298948169
14.81         0.107387130428106
14.82         0.106700073452666
14.83         -0.139781399499625
14.84         -0.338232627958059
14.85         -0.392935851998627
14.86         -0.472644547596574
14.87         -0.311310183294117
14.88         -0.330441761277616
14.89         -0.286875801980495
14.9          -0.172464265208691
14.91         0.177009580023587
14.92         0.56505182415247
14.93         0.625636506602168
14.94         0.393668252304196
14.95         0.356956545375288
14.96         0.270867623873055
14.97         0.696131927222014
14.98         0.869345239028335
14.99         0.537171824835241
15            0.626684693098068
15.01         0.502804010845721
15.02         0.643946843147278
15.03         0.699411630481482
15.04         0.29605419466272
15.05         1.98984791454859E-02
15.06         -0.567800965681672
15.07         -0.50714735917747
15.08         -0.112288494994864
15.09         -0.324372241795063
15.1          0.104063198463991
15.11         0.201410942841321
15.12         0.246855484619737
15.13         0.469592045210302
15.14         0.510643336325884
15.15         0.421714129820466
15.16         0.433638137429953
15.17         0.103735736114904
15.18         -9.12075820786413E-03
15.19         -7.45634841514402E-04
15.2          0.105313104763627
15.21         0.266742340140045
15.22         -9.55800031777471E-02
15.23         -0.158597447108477
15.24         -1.83882769604679E-02
15.25         -0.458312620036304
15.26         -0.3385331017524
15.27         -0.404081120118499
15.28         -0.516230058521032
15.29         -0.692566733658314
15.3          -0.648064964041114
15.31         -0.300702347382903
15.32         -0.230887926388532
15.33         -0.28510944949463
15.34         -0.489370800331235
15.35         -0.553802219778299
15.36         -0.316471374370158
15.37         -0.421962051764131
15.38         -0.569336481057107
15.39         -0.680277640521526
15.4          -0.75747594371438
15.41         -0.805077687799931
15.42         -0.933147717341781
15.43         -1.02325155638158
15.44         -1.04499318525195
15.45         -1.12954472757876
15.46         -0.954726281985641
15.47         -0.857899168208242
15.48         -0.980791122838855
15.49         -0.817060459926724
15.5          -0.678960993736982
15.51         -0.879533866122365
15.52         -0.914365437403321
15.53         -0.735803969800472
15.54         -0.505856951773167
15.55         -0.658280049785972
15.56         -0.583905513212085
15.57         -0.45815587811172
15.58         -0.387538287229836
15.59         -0.594407551065087
15.6          -0.940952142253518
15.61         -1.07315425291657
15.62         -1.06724768802524
15.63         -1.25680871844292
15.64         -1.18986387334764
15.65         -1.11987664885819
15.66         -0.947700486928225
15.67         -0.819436987638474
15.68         -0.470451403185725
15.69         -0.548505300208926
15.7          -0.496797275841236
15.71         -0.326419607810676
15.72         -0.327873919978738
15.73         4.89808510104194E-02
15.74         0.249305522795767
15.75         0.465047479569912
15.76         0.729225632920861
15.77         1.25673694387078
15.78         1.55457115888596
15.79         1.67807137012482
15.8          1.51958112806082
15.81         1.45415239289403
15.82         1.14169794604182
15.83         1.24161575183272
15.84         1.15922000482678
15.85         0.804196366220713
15.86         0.341845841780305
15.87         0.308459300212562
15.88         0.245446068104357
15.89         0.172074109744281
15.9          0.10039085467346
15.91         -0.289085720591247
15.92         -0.421423084661365
15.93         -0.502179235853255
15.94         -0.601443871110678
15.95         -0.678512219935656
15.96         -0.835115930959582
15.97         -0.453669455721974
15.98         -0.108842374496162
15.99         -0.156521703824401
16            8.26675523130689E-03
16.01         6.49940951820463E-02
16.02         0.116886352524161
16.03         0.113919018488377
16.04         8.79211647994816E-02
16.05         -0.102445959113538
16.06         -0.188192014507949
16.07         -8.96926335990429E-02
16.08         3.79327448853292E-02
16.09         -0.135057223839685
16.1          -0.162885868158191
16.11         0.185062310602516
16.12         0.251321825478226
16.13         4.16380135249347E-02
16.14         0.087807473000139
16.15         0.163055017143488
16.16         4.59930471517146E-02
16.17         -0.175710091162473
16.18         -0.132567095691338
16.19         0.159575704559684
16.2          0.432843391187489
16.21         0.40705724325031
16.22         0.17506238412112
16.23         0.143282328508794
16.24         0.22235152143985
16.25         0.230701893568039
16.26         8.50962287373841E-02
16.27         0.205810808166862
16.28         0.349511285685003
16.29         0.459022070020437
16.3          0.508399028778076
16.31         0.512763865627348
16.32         0.492953681722283
16.33         0.338407825157046
16.34         0.3654747691378
16.35         0.410076014511287
16.36         0.359298574514687
16.37         0.291033921483904
16.38         0.355122968181968
16.39         0.406685981601477
16.4          0.3418307852
16.41         0.160067418850958
16.42         0.28181514646858
16.43         0.380464398823679
16.44         0.238240672163665
16.45         0.186895595435053
16.46         0.145676671955734
16.47         7.25527908559889E-02
16.48         0.19216216430068
16.49         -0.1168019973021
16.5          -0.115539793577045
16.51         -5.28689422120806E-03
16.52         0.157878970485181
16.53         0.149605297381058
16.54         0.159065955262631
16.55         0.199733870029449
16.56         0.177169720642269
16.57         0.1767729687877
16.58         0.105758763095364
16.59         4.01543784840032E-02
16.6          -0.141665143975988
16.61         -0.156792868450284
16.62         -0.101895105717704
16.63         -6.85690143099055E-02
16.64         0.141582798734307
16.65         0.123902207314968
16.66         -3.70889515170347E-05
16.67         -0.106164660360664
16.68         -6.34675059467554E-02
16.69         -0.215874597206712
16.7          -0.491460120119154
16.71         -0.629239853248
16.72         -0.763995296806097
16.73         -0.563746031261981
16.74         -0.304172304421663
16.75         -7.42963711777702E-02
16.76         0.102616652129218
16.77         0.20610475866124
16.78         0.229984093029052
16.79         0.548687038980424
16.8          0.552545580044389
16.81         0.749210319668055
16.82         0.678711317628622
16.83         0.66151180587709
16.84         0.766766365393996
16.85         0.825218641385436
16.86         0.885694857984781
16.87         0.829671369194985
16.88         0.74761000983417
16.89         0.753952119201422
16.9          0.871717527508736
16.91         0.720847449973226
16.92         0.752324108183384
16.93         0.520295042842627
16.94         0.376239456608892
16.95         0.35120694167912
16.96         0.196240286584944
16.97         0.19964738605544
16.98         5.00689447531477E-02
16.99         -6.18366900924593E-02
17            1.98942855955102E-02
17.01         7.16329461755231E-02
17.02         -1.36148556391709E-02
17.03         0.140506682647392
17.04         0.25206944681704
17.05         0.342875463366508
17.06         0.265434244908392
17.07         0.279206721838564
17.08         0.385615539997816
17.09         0.386230740174651
17.1          0.269861007425934
17.11         0.215525536704808
17.12         0.170124319139868
17.13         0.194169440343976
17.14         9.73331628832966E-02
17.15         -0.133631133623421
17.16         -0.10261341788806
17.17         -0.213927236851305
17.18         -0.252117339167744
17.19         -0.293302220888436
17.2          -0.486549262963235
17.21         -0.466649616658688
17.22         -0.353545023947954
17.23         -0.260995258055627
17.24         -0.289766044132411
17.25         -0.295066855754703
17.26         -0.218528374303132
17.27         -0.171873696427792
17.28         -9.05462631303817E-02
17.29         0.105915751699358
17.3          0.148702916689217
17.31         0.013285571745364
17.32         0.169329974893481
17.33         0.166718955561519
17.34         0.268244855292141
17.35         0.172021758891642
17.36         2.52504858816974E-02
17.37         -1.05079684371594E-02
17.38         -0.036274467674084
17.39         -0.108009648760781
17.4          -0.16120440993458
17.41         -0.117656741458923
17.42         2.72303690901026E-02
17.43         -2.77210349938832E-02
17.44         -4.75702787563205E-02
17.45         0.118640517219901
17.46         9.33243483770639E-02
17.47         2.33351276116446E-02
17.48         -0.148178302673623
17.49         -0.335865711607039
17.5          -0.300041794739664
17.51         -0.277685879319906
17.52         -0.167080733757466
17.53         -4.53991436306387E-02
17.54         -4.18980547366664E-02
17.55         3.41689949529246E-02
17.56         4.79540491069201E-03
17.57         -4.73295699013397E-02
17.58         -5.15144632570446E-02
17.59         -0.20081469129771
17.6          -0.176574510633945
17.61         -0.307942991070449
17.62         -0.292538629341871
17.63         -0.242835103590041
17.64         -0.124920956734568
17.65         -8.39749429095537E-02
17.66         6.34174334525596E-03
17.67         3.28098507877439E-02
17.68         3.18991949153133E-02
17.69         8.03185327816755E-02
17.7          0.108495342247188
17.71         0.110756798582152
17.72         1.70277794846334E-02
17.73         4.70845669973642E-02
17.74         9.36817537236493E-03
17.75         -6.85756244044751E-02
17.76         -0.359744278527796
17.77         -0.526712106205523
17.78         -0.597490349337459
17.79         -0.761932033672929
17.8          -0.836862128823996
17.81         -0.750989992842078
17.82         -0.690086344778538
17.83         -0.617774998247624
17.84         -0.474800342917442
17.85         -0.362884452603757
17.86         -0.274210696332157
17.87         -0.366755565181375
17.88         -0.184860325846821
17.89         -0.120543667143211
17.9          -0.117560837985948
17.91         1.73367385938764E-02
17.92         -0.047467605303973
17.93         -2.76441189832985E-02
17.94         -8.43765643984079E-02
17.95         -0.205066768247634
17.96         -0.124941769167781
17.97         -0.316900998540223
17.98         -0.265997002869844
17.99         -0.326802783161402
18            -0.25884145444259
18.01         -8.75011519901455E-02
18.02         -0.180092049390078
18.03         -0.285012696348131
18.04         -0.367938639633358
18.05         -0.337155790105462
18.06         -0.223921827748418
18.07         -0.179432830642909
18.08         -0.183037785273045
18.09         -7.94974649325013E-02
18.1          7.19655294064432E-02
18.11         0.207373111099005
18.12         0.202520251013339
18.13         0.242507403697819
18.14         0.213693512678146
18.15         0.173601621743292
18.16         8.35233277268708E-02
18.17         6.38343365024775E-02
18.18         0.116246539223939
18.19         9.65247579105198E-02
18.2          0.141356557169929
18.21         0.185656899344176
18.22         0.234366964884102
18.23         0.265523469764739
18.24         0.12454454222694
18.25         6.60756976017728E-02
18.26         -3.90212748851627E-02
18.27         -0.131658767284825
18.28         -3.46238261042163E-02
18.29         -7.75136142969132E-02
18.3          0.010083726674784
18.31         7.25690945377573E-02
18.32         3.93562152748927E-02
18.33         0.145897294711322
18.34         0.12291371723637
18.35         0.035631918059662
18.36         -5.62128357938491E-03
18.37         -0.103588322326541
18.38         4.68035580357537E-02
18.39         0.069641918996349
18.4          -7.81571917422116E-02
18.41         -3.79136592079885E-02
18.42         -5.13902099244297E-02
18.43         -5.29809129657224E-02
18.44         -0.111095663001761
18.45         -0.148494591359049
18.46         -6.12520918669179E-02
18.47         -9.58716239221394E-02
18.48         2.43960826221155E-03
18.49         4.22502124356106E-02
18.5          3.77224712446332E-02
18.51         0.123500786824152
18.52         0.120688422275707
18.53         4.61703365575522E-02
18.54         -1.85046879434958E-02
18.55         -0.141864159442484
18.56         -0.157939635347575
18.57         -0.204807535596192
18.58         -0.236354744117707
18.59         -0.175780038479716
18.6          -0.146201011883095
18.61         -0.123414604347199
18.62         -0.121389969382435
18.63         -0.119407562278211
18.64         -0.170935510676354
18.65         -0.215534161347896
18.66         -0.229858359619975
18.67         -0.134895959459245
18.68         -9.23395310807973E-02
18.69         -0.037119344654493
18.7          -7.09717791178264E-04
18.71         5.70450818748213E-03
18.72         -5.43522860342637E-02
18.73         -6.98484901618213E-02
18.74         -6.74158017709851E-02
18.75         -1.97307188739069E-02
18.76         4.26250235270709E-02
18.77         5.18081762082875E-02
18.78         0.103431169269606
18.79         0.107016919450834
18.8          0.142433733064681
18.81         0.140206976300105
18.82         5.78253311337903E-02
18.83         0.06570547292009
18.84         -1.8967324042751E-03
18.85         -1.35626635293011E-02
18.86         3.17763165920042E-02
18.87         5.59579314524308E-02
18.88         7.54268024163321E-02
18.89         -7.76033096713945E-03
18.9          -4.56947980402038E-02
18.91         -5.91266289772466E-02
18.92         -8.57492348179221E-02
18.93         -0.131251910710707
18.94         -0.137751447223127
18.95         -0.103366246903315
18.96         -8.80801999289542E-02
18.97         -9.52728302101605E-03
18.98         5.15244583413005E-02
18.99         6.81653782725334E-02
19            1.87898504838813E-02
19.01         -3.70639217295684E-02
19.02         -0.12087133962661
19.03         -0.105624222317711
19.04         -8.34222257137299E-02
19.05         -0.100881810653955
19.06         -6.23502309434116E-02
19.07         -3.44993055355735E-02
19.08         0.041724629974924
19.09         4.42071019252762E-02
19.1          3.83193600433879E-02
19.11         7.73163073137403E-02
19.12         0.137545616095886
19.13         0.130725414622575
19.14         0.195241691786796
19.15         0.212977904845029
19.16         0.217650268692523
19.17         0.260488669909537
19.18         0.262787356562912
19.19         0.243759091570973
19.2          0.194187767710537
19.21         0.184028870053589
19.22         0.247045098859817
19.23         0.264197376072407
19.24         0.277989879716188
19.25         0.314080630615354
19.26         0.302075492888689
19.27         0.318267785198987
19.28         0.299021071884781
19.29         0.270060671567917
19.3          0.183943116981536
19.31         0.151586233545095
19.32         0.136751692118123
19.33         9.17279762774706E-02
19.34         0.110595771744847
19.35         0.135462399339303
19.36         0.118757434124127
19.37         9.90346660930663E-02
19.38         5.26648070057854E-02
19.39         5.84423585655168E-02
19.4          6.10739847645164E-02
19.41         5.74802266387269E-02
19.42         5.31347769638523E-02
19.43         6.91440331516787E-02
19.44         7.31510112667456E-02
19.45         0.110317764049396
19.46         8.97959922719747E-02
19.47         0.050870004161261
19.48         3.95194850675762E-02
19.49         4.81319632055238E-02
19.5          4.42466391529888E-02
19.51         4.63126705773175E-02
19.52         3.14810915873386E-02
19.53         1.48780860530678E-02
19.54         1.54077067470644E-02
19.55         1.53695365344174E-02
19.56         -2.11929693045931E-05
19.57         -4.59549808641896E-03
19.58         1.05378831693088E-03
19.59         -1.58476891682949E-02
19.6          -1.17449583287816E-02
19.61         -2.28819958074018E-02
19.62         -2.43482696427964E-02
19.63         -3.36794779356569E-02
19.64         -3.71926860976964E-02
19.65         -5.34617094090208E-02
19.66         -6.97447294928134E-02
19.67         -8.22999897133559E-02
19.68         -9.53493396565318E-02
19.69         -0.111254469724372
19.7          -0.107118779774755
19.71         -0.105625108536333
19.72         -0.104106056727469
19.73         -0.101699351901188
19.74         -0.100169564969838
19.75         -9.08769688569009E-02
19.76         -9.27571684587747E-02
19.77         -8.76129525806755E-02
19.78         -7.74741547275335E-02
19.79         -6.47260825708509E-02
19.8          -6.19954008841887E-02
19.81         -4.71450080210343E-02
19.82         -3.82705632015131E-02
19.83         -3.07912137871608E-02
19.84         -3.94987320201472E-02
19.85         -3.67428844654933E-02
19.86         -2.51017267769203E-02
19.87         -2.39632419124246E-02
19.88         -1.57158333132975E-02
19.89         -9.07455663895235E-03
19.9          -1.12920766300522E-02
19.91         -6.90668087918311E-03
19.92         -7.26659927226137E-03
19.93         -6.87610862078145E-03
19.94         -5.80421634775121E-03
19.95         -6.97552042314783E-03
19.96         -9.46761229948606E-03
19.97         -1.34577185707167E-02
19.98         -1.28466582682449E-02
19.99         -0.01331729060621
20            -1.27689165668562E-02
